dates,times,trade_pr,trade_vol,d_vol,trade_amt,b1pr,b1vol,b2pr,b2vol,b3pr,b3vol,b4pr,b4vol,b5pr,b5vol,s1pr,s1vol,s2pr,s2vol,s3pr,s3vol,s4pr,s4vol,s5pr,s5vol,bs
2017-1-3,09:25:03,26.10,122,122,318420,26.02,22,25.65,7,25.63,2,25.60,4,25.51,2,26.10,10,26.15,56,26.19,20,26.20,19,26.22,1,1
2017-1-3,09:30:03,26.02,269,391,702499,25.83,7,25.71,50,25.70,50,25.66,21,25.65,7,26.02,33,26.05,5,26.09,13,26.10,229,26.12,12,-1
2017-1-3,09:30:06,26.02,16,407,41632,25.83,7,25.71,50,25.70,50,25.68,30,25.66,21,26.02,17,26.05,5,26.07,7,26.09,13,26.10,230,1
2017-1-3,09:30:15,26.00,16,423,41600,26.00,384,25.83,7,25.73,50,25.72,30,25.71,50,26.02,30,26.05,5,26.07,7,26.09,43,26.10,230,-1
2017-1-3,09:30:24,26.02,51,474,132722,26.02,8,26.00,384,25.83,7,25.77,30,25.75,50,26.05,5,26.07,7,26.09,23,26.10,230,26.12,12,1
2017-1-3,09:30:27,26.02,3,477,7806,26.02,5,26.00,384,25.83,7,25.77,30,25.75,50,26.05,5,26.07,7,26.09,23,26.10,230,26.12,12,-1
2017-1-3,09:30:30,26.00,8,485,20810,26.00,381,25.89,10,25.83,7,25.77,30,25.75,50,26.05,5,26.07,7,26.09,23,26.10,212,26.12,12,-1
2017-1-3,09:30:33,26.00,1,486,2600,26.00,380,25.89,10,25.83,7,25.77,30,25.75,50,26.02,10,26.05,5,26.07,7,26.09,23,26.10,212,-1
2017-1-3,09:30:36,26.00,2,488,5200,26.00,378,25.89,10,25.83,7,25.77,30,25.76,12,26.02,10,26.05,5,26.07,5,26.09,23,26.10,196,-1
2017-1-3,09:30:39,26.00,100,588,260000,26.00,278,25.89,10,25.83,7,25.77,30,25.76,12,26.02,10,26.05,5,26.07,5,26.09,23,26.10,196,-1
2017-1-3,09:30:42,26.00,50,638,130000,26.00,228,25.89,10,25.83,7,25.77,30,25.76,12,26.02,10,26.05,5,26.07,5,26.09,23,26.10,196,-1
2017-1-3,09:30:45,26.00,50,688,130000,26.00,178,25.89,10,25.83,7,25.77,30,25.76,12,26.02,40,26.05,5,26.07,5,26.09,23,26.10,196,-1
2017-1-3,09:30:48,26.02,50,738,130100,26.02,50,26.00,178,25.89,10,25.83,7,25.77,30,26.05,5,26.07,5,26.09,23,26.10,196,26.12,10,1
2017-1-3,09:30:51,26.02,23,761,59846,26.02,27,26.00,178,25.89,10,25.83,7,25.77,30,26.05,5,26.07,5,26.09,23,26.10,196,26.12,10,-1
2017-1-3,09:30:57,26.09,28,789,73042,26.02,27,26.00,178,25.90,5,25.89,10,25.83,7,26.10,196,26.12,10,26.13,10,26.14,188,26.16,10,1
2017-1-3,09:31:00,26.00,100,889,260054,26.00,105,25.90,5,25.89,10,25.83,13,25.77,30,26.10,196,26.12,10,26.13,10,26.14,188,26.16,10,-1
2017-1-3,09:31:09,26.00,20,909,52000,26.00,185,25.90,55,25.89,10,25.83,13,25.77,30,26.04,50,26.10,196,26.12,10,26.13,10,26.14,188,-1
2017-1-3,09:31:18,26.00,5,914,13000,26.00,181,25.90,5,25.89,10,25.83,13,25.77,30,26.02,3,26.04,50,26.05,1,26.09,13,26.10,196,-1
2017-1-3,09:31:21,26.00,6,920,15600,26.00,175,25.90,5,25.89,10,25.83,13,25.77,30,26.02,3,26.04,57,26.05,1,26.09,13,26.10,196,-1
2017-1-3,09:31:24,26.00,55,975,143000,26.00,120,25.90,5,25.89,10,25.85,50,25.83,13,26.02,13,26.04,57,26.05,1,26.09,13,26.10,191,-1
2017-1-3,09:31:30,26.00,50,1025,130000,26.00,70,25.90,5,25.89,10,25.85,50,25.83,13,26.02,13,26.04,57,26.05,11,26.09,13,26.10,191,-1
2017-1-3,09:31:36,26.00,61,1086,158600,26.00,9,25.90,5,25.89,10,25.85,50,25.83,13,26.02,3,26.04,57,26.05,11,26.09,13,26.10,191,-1
2017-1-3,09:31:39,26.00,11,1097,28604,25.90,5,25.89,10,25.85,50,25.83,13,25.76,12,26.00,40,26.02,21,26.04,7,26.05,11,26.09,13,-1
2017-1-3,09:31:45,25.90,10,1107,25912,25.90,1,25.89,10,25.85,80,25.83,13,25.76,12,26.00,44,26.02,21,26.04,7,26.05,11,26.09,13,-1
2017-1-3,09:31:57,25.90,55,1162,142550,25.90,46,25.89,10,25.85,30,25.83,13,25.76,12,25.99,20,26.00,65,26.02,21,26.04,7,26.05,11,-1
2017-1-3,09:32:18,25.76,108,1270,279304,25.66,12,25.65,57,25.64,10,25.63,11,25.61,3,25.76,123,25.99,14,26.00,160,26.02,1,26.04,7,-1
2017-1-3,09:32:21,25.76,50,1320,128800,25.66,12,25.65,57,25.64,10,25.63,11,25.61,3,25.76,73,25.99,18,26.00,160,26.02,1,26.04,7,1
2017-1-3,09:32:24,25.76,53,1373,136528,25.66,12,25.65,57,25.64,10,25.63,11,25.61,3,25.76,20,25.97,50,25.99,18,26.00,160,26.02,1,1
2017-1-3,09:32:27,25.76,21,1394,53375,25.66,12,25.65,57,25.64,10,25.63,11,25.61,3,25.97,50,25.99,18,26.00,160,26.02,1,26.04,7,1
2017-1-3,09:32:48,25.92,50,1444,129600,25.76,27,25.67,35,25.66,12,25.65,58,25.64,10,25.95,19,25.97,50,25.99,4,26.00,60,26.02,1,1
2017-1-3,09:32:54,25.95,6,1450,15570,25.76,34,25.67,35,25.66,12,25.65,58,25.64,12,25.95,13,25.97,50,25.99,4,26.00,60,26.02,7,1
2017-1-3,09:33:24,25.95,4,1454,10380,25.90,100,25.80,5,25.76,48,25.68,5,25.67,30,25.95,19,25.97,50,25.99,4,26.00,76,26.02,7,1
2017-1-3,09:33:27,25.90,103,1557,266770,25.80,5,25.76,48,25.68,5,25.67,30,25.66,12,25.90,21,25.95,19,25.97,50,25.99,4,26.00,76,-1
2017-1-3,09:34:03,25.80,5,1562,12900,25.78,2,25.77,10,25.76,48,25.71,50,25.70,494,25.89,52,25.90,30,25.95,19,25.99,4,26.00,76,-1
2017-1-3,09:34:09,25.89,5,1567,12945,25.78,2,25.77,10,25.76,48,25.71,56,25.70,494,25.88,5,25.89,47,25.90,30,25.95,19,25.99,4,1
2017-1-3,09:34:24,25.88,2,1569,5176,25.78,6,25.77,114,25.76,53,25.71,56,25.70,494,25.88,3,25.89,47,25.90,30,25.95,10,25.99,4,1
2017-1-3,09:34:30,25.86,10,1579,25860,25.86,90,25.78,6,25.77,114,25.76,43,25.71,56,25.88,3,25.89,54,25.90,30,25.95,10,25.99,4,-1
2017-1-3,09:34:36,25.86,20,1599,51720,25.86,70,25.78,6,25.77,114,25.76,43,25.71,56,25.88,3,25.89,9,25.90,30,25.95,10,25.99,4,-1
2017-1-3,09:34:45,25.86,3,1602,7758,25.86,67,25.79,6,25.78,6,25.77,114,25.76,43,25.88,3,25.89,9,25.90,30,25.95,10,25.99,4,-1
2017-1-3,09:34:51,25.86,50,1652,129310,25.86,27,25.79,6,25.78,6,25.77,114,25.76,43,25.88,3,25.89,9,25.90,30,25.95,10,25.99,4,-1
2017-1-3,09:35:00,25.86,20,1672,51720,25.86,7,25.79,6,25.78,64,25.77,114,25.76,43,25.88,3,25.89,9,25.90,30,25.95,10,25.99,4,-1
2017-1-3,09:35:03,25.86,7,1679,18102,25.79,6,25.78,64,25.77,114,25.76,43,25.71,56,25.86,13,25.88,5,25.89,9,25.90,30,25.95,10,-1
2017-1-3,09:35:18,25.78,45,1724,116016,25.78,29,25.77,114,25.76,43,25.71,56,25.70,494,25.86,63,25.88,5,25.89,9,25.90,30,25.95,10,-1
2017-1-3,09:35:48,25.80,34,1758,87720,25.80,84,25.79,55,25.78,71,25.77,104,25.76,43,25.86,73,25.88,5,25.89,9,25.90,30,25.95,10,-1
2017-1-3,09:36:21,25.86,10,1768,25860,25.80,84,25.79,55,25.78,130,25.77,104,25.76,38,25.86,63,25.88,5,25.89,7,25.90,30,25.95,10,1
2017-1-3,09:36:33,25.86,2,1770,5172,25.80,84,25.79,55,25.78,130,25.77,104,25.76,38,25.86,61,25.88,5,25.89,7,25.90,30,25.95,10,1
2017-1-3,09:36:42,25.81,1,1771,2581,25.81,1,25.80,84,25.79,55,25.78,130,25.77,104,25.86,62,25.88,5,25.89,7,25.90,30,25.95,10,-1
2017-1-3,09:37:03,25.81,4,1775,10324,25.81,26,25.80,84,25.79,55,25.78,130,25.77,104,25.86,62,25.88,5,25.89,7,25.90,30,25.95,10,-1
2017-1-3,09:37:09,25.80,119,1894,307082,25.79,55,25.78,130,25.77,104,25.76,38,25.71,6,25.80,123,25.86,56,25.88,5,25.89,7,25.90,30,-1
2017-1-3,09:37:30,25.80,3,1897,7740,25.79,55,25.78,79,25.77,104,25.76,38,25.71,6,25.80,120,25.86,56,25.88,5,25.89,7,25.90,30,1
2017-1-3,09:37:33,25.79,2,1899,5158,25.79,53,25.78,79,25.77,104,25.76,38,25.71,6,25.80,120,25.86,56,25.88,5,25.89,7,25.90,30,-1
2017-1-3,09:37:36,25.80,51,1950,131580,25.79,53,25.78,82,25.77,104,25.76,38,25.71,6,25.80,69,25.86,56,25.88,5,25.89,7,25.90,30,1
2017-1-3,09:37:57,25.80,2,1952,5160,25.79,53,25.78,92,25.77,104,25.76,38,25.71,6,25.80,73,25.86,56,25.88,5,25.89,7,25.90,30,1
2017-1-3,09:38:03,25.80,1,1953,2580,25.79,58,25.78,92,25.77,104,25.76,38,25.71,6,25.80,72,25.86,56,25.88,5,25.89,7,25.90,30,1
2017-1-3,09:38:06,25.80,1,1954,2580,25.79,58,25.78,92,25.77,104,25.76,38,25.71,6,25.80,71,25.86,66,25.88,5,25.89,7,25.90,30,1
2017-1-3,09:38:15,25.80,5,1959,12900,25.79,58,25.78,300,25.77,104,25.76,38,25.71,6,25.80,188,25.86,66,25.88,5,25.89,7,25.90,30,1
2017-1-3,09:38:18,25.80,1,1960,2580,25.79,58,25.78,300,25.77,104,25.76,38,25.71,6,25.80,193,25.86,66,25.88,5,25.89,7,25.90,30,1
2017-1-3,09:38:33,25.80,20,1980,51600,25.79,53,25.78,300,25.77,104,25.76,38,25.71,6,25.80,276,25.86,66,25.88,5,25.90,30,25.98,1,1
2017-1-3,09:38:36,25.79,2,1982,5158,25.79,51,25.78,300,25.77,104,25.76,38,25.71,6,25.80,276,25.86,66,25.88,5,25.90,30,25.98,1,-1
2017-1-3,09:38:42,25.79,5,1987,12895,25.79,46,25.78,300,25.77,104,25.76,38,25.71,6,25.80,276,25.86,66,25.88,5,25.90,30,25.98,1,-1
2017-1-3,09:39:21,25.80,89,2076,229620,25.79,66,25.78,300,25.77,104,25.76,42,25.71,6,25.80,187,25.86,66,25.88,5,25.90,30,25.98,1,1
2017-1-3,09:39:24,25.80,60,2136,154800,25.79,66,25.78,300,25.77,104,25.76,42,25.71,6,25.80,127,25.86,66,25.88,5,25.90,30,25.98,1,1
2017-1-3,09:39:27,25.80,127,2263,327660,25.80,23,25.79,66,25.78,300,25.77,104,25.76,42,25.86,66,25.88,5,25.90,30,25.98,1,25.99,12,1
2017-1-3,09:39:33,25.80,3,2266,7740,25.80,20,25.79,66,25.78,300,25.77,104,25.76,42,25.86,66,25.88,5,25.90,30,25.98,1,25.99,12,-1
2017-1-3,09:39:36,25.86,20,2286,51720,25.80,20,25.79,66,25.78,300,25.77,104,25.76,42,25.86,46,25.88,5,25.90,30,25.98,1,25.99,12,1
2017-1-3,09:39:45,25.86,5,2291,12930,25.81,50,25.80,10,25.79,66,25.78,300,25.77,104,25.86,40,25.88,5,25.90,30,25.98,1,25.99,12,1
2017-1-3,09:39:48,25.86,23,2314,59478,25.81,50,25.80,10,25.79,66,25.78,300,25.77,104,25.86,17,25.88,5,25.90,30,25.98,1,25.99,12,1
2017-1-3,09:39:51,25.86,12,2326,31032,25.81,50,25.80,10,25.79,66,25.78,300,25.77,104,25.86,5,25.88,5,25.90,30,25.98,1,25.99,12,1
2017-1-3,09:40:00,25.86,6,2332,15516,25.86,5,25.81,50,25.80,10,25.79,66,25.78,300,25.88,5,25.90,30,25.98,1,25.99,12,26.00,92,1
2017-1-3,09:40:06,25.81,7,2339,18092,25.86,1,25.81,48,25.80,10,25.79,66,25.78,300,25.88,5,25.90,30,25.98,1,25.99,12,26.00,92,-1
2017-1-3,09:40:15,25.88,5,2344,12940,25.88,1,25.86,1,25.81,48,25.80,113,25.79,66,25.90,30,25.98,1,25.99,12,26.00,92,26.02,1,1
2017-1-3,09:40:18,25.81,8,2352,20662,25.81,44,25.80,113,25.79,66,25.78,300,25.77,104,25.90,30,25.98,1,25.99,12,26.00,92,26.02,1,-1
2017-1-3,09:40:33,25.82,7,2359,18074,25.82,43,25.81,26,25.80,113,25.79,66,25.78,300,25.90,30,25.98,1,25.99,12,26.00,92,26.02,1,-1
2017-1-3,09:40:48,25.82,30,2389,77460,25.82,15,25.81,26,25.80,113,25.79,66,25.78,107,25.88,25,25.90,30,25.98,1,25.99,12,26.00,92,-1
2017-1-3,09:40:57,25.82,17,2406,43896,25.81,26,25.80,113,25.79,66,25.78,107,25.77,104,25.82,28,25.88,25,25.90,31,25.98,1,25.99,12,-1
2017-1-3,09:41:03,25.80,70,2476,182483,25.80,68,25.79,66,25.78,99,25.77,104,25.76,37,25.82,28,25.88,25,25.90,31,25.98,1,25.99,12,-1
2017-1-3,09:41:09,25.82,1,2477,2582,25.80,68,25.79,66,25.78,99,25.77,104,25.76,37,25.82,27,25.88,25,25.90,31,25.98,1,25.99,12,1
2017-1-3,09:41:24,25.82,27,2504,69714,25.82,23,25.81,200,25.80,76,25.79,66,25.78,99,25.88,25,25.90,31,25.98,7,25.99,12,26.00,92,1
2017-1-3,09:41:30,25.82,10,2514,25820,25.82,25,25.81,200,25.80,76,25.79,66,25.78,99,25.88,25,25.90,31,25.98,7,25.99,12,26.00,92,-1
2017-1-3,09:41:51,25.88,4,2518,10352,25.82,65,25.81,200,25.80,69,25.79,66,25.78,99,25.88,61,25.90,31,25.98,7,25.99,12,26.00,92,1
2017-1-3,09:42:09,25.90,65,2583,168228,25.82,70,25.81,200,25.80,69,25.79,66,25.78,99,25.90,27,25.98,7,25.99,12,26.00,142,26.02,1,1
2017-1-3,09:42:12,25.90,27,2610,69930,25.90,23,25.82,70,25.80,69,25.79,66,25.78,99,25.98,7,25.99,12,26.00,142,26.02,1,26.04,7,1
2017-1-3,09:42:30,25.98,7,2617,18186,25.98,3,25.90,23,25.82,72,25.80,69,25.79,66,25.99,6,26.00,122,26.02,1,26.04,7,26.05,10,1
2017-1-3,09:42:57,25.98,3,2620,7794,25.93,14,25.90,23,25.82,72,25.80,69,25.79,66,25.99,6,26.00,122,26.02,68,26.04,7,26.05,10,-1
2017-1-3,09:43:03,25.99,6,2626,15594,25.99,12,25.93,14,25.82,72,25.80,5,25.79,66,26.00,122,26.02,68,26.04,7,26.05,10,26.09,30,1
2017-1-3,09:43:09,25.99,20,2646,51980,25.99,2,25.93,14,25.82,72,25.80,5,25.79,66,26.00,122,26.02,68,26.04,7,26.05,10,26.09,30,-1
2017-1-3,09:43:15,26.00,50,2696,130000,25.99,2,25.93,14,25.82,10,25.80,5,25.79,66,26.00,75,26.02,68,26.04,7,26.05,10,26.09,30,1
2017-1-3,09:43:30,25.99,10,2706,25990,25.93,14,25.82,7,25.80,5,25.79,66,25.78,29,26.00,75,26.02,88,26.04,7,26.05,10,26.09,30,-1
2017-1-3,09:43:39,26.00,81,2787,210589,26.00,21,25.93,14,25.82,7,25.80,5,25.79,66,26.02,88,26.04,7,26.05,10,26.09,30,26.10,77,1
2017-1-3,09:43:45,26.00,70,2857,182000,26.00,12,25.93,14,25.82,7,25.80,5,25.79,66,26.02,93,26.04,7,26.05,10,26.09,32,26.10,77,-1
2017-1-3,09:43:48,26.00,42,2899,109200,25.93,17,25.82,7,25.80,5,25.79,66,25.78,29,26.00,8,26.02,93,26.04,7,26.05,10,26.09,32,-1
2017-1-3,09:43:54,25.93,7,2906,18151,25.93,10,25.82,7,25.80,15,25.79,66,25.78,29,26.00,10,26.02,88,26.04,7,26.05,10,26.09,32,-1
2017-1-3,09:43:57,25.93,6,2912,15558,25.93,4,25.82,7,25.80,15,25.79,66,25.78,29,26.00,10,26.02,88,26.04,7,26.05,10,26.09,32,-1
2017-1-3,09:44:06,26.00,10,2922,26000,26.00,90,25.93,4,25.82,7,25.80,15,25.79,66,26.02,88,26.04,7,26.05,10,26.09,30,26.10,77,1
2017-1-3,09:44:09,26.00,90,3012,234000,25.93,4,25.82,7,25.80,15,25.79,66,25.78,29,26.00,11,26.02,88,26.04,7,26.05,10,26.09,30,-1
2017-1-3,09:44:15,25.99,8,3020,20792,25.93,4,25.82,7,25.80,20,25.79,66,25.78,29,25.99,6,26.00,11,26.02,88,26.04,7,26.05,10,1
2017-1-3,09:44:18,25.82,7,3027,18118,25.82,4,25.80,20,25.79,66,25.78,29,25.77,4,25.99,6,26.00,11,26.02,88,26.04,7,26.05,10,-1
2017-1-3,09:44:24,25.99,3,3030,7797,25.82,4,25.80,20,25.79,66,25.78,29,25.77,4,25.93,3,25.99,3,26.00,11,26.02,68,26.04,7,1
2017-1-3,09:44:33,25.99,6,3036,15576,25.99,44,25.82,4,25.80,20,25.79,66,25.78,29,26.00,11,26.02,68,26.04,7,26.05,10,26.09,30,1
2017-1-3,09:44:39,25.99,44,3080,114356,25.82,4,25.80,20,25.79,66,25.78,29,25.77,4,25.99,16,26.00,11,26.02,68,26.04,7,26.05,10,-1
2017-1-3,09:44:42,26.00,29,3109,75384,25.82,17,25.80,20,25.79,66,25.78,29,25.77,4,26.00,3,26.02,68,26.04,7,26.05,10,26.09,50,1
2017-1-3,09:44:51,26.00,3,3112,7800,25.93,2,25.82,24,25.80,23,25.79,66,25.78,29,26.00,20,26.02,68,26.04,7,26.05,10,26.09,50,1
2017-1-3,09:44:57,25.93,7,3119,18181,25.82,24,25.80,23,25.79,66,25.78,29,25.77,4,25.92,33,26.00,23,26.02,68,26.04,7,26.05,10,-1
2017-1-3,09:45:09,25.92,1,3120,2592,25.82,24,25.80,23,25.79,66,25.78,29,25.77,4,25.92,32,26.00,24,26.02,68,26.04,7,26.09,50,1
2017-1-3,09:45:24,25.92,1,3121,2592,25.91,200,25.82,24,25.80,24,25.79,66,25.78,29,25.92,31,26.00,44,26.02,68,26.04,7,26.08,10,1
2017-1-3,09:45:36,25.91,50,3171,129550,25.91,150,25.82,24,25.80,32,25.79,66,25.78,29,26.00,44,26.02,68,26.04,7,26.08,10,26.09,30,-1
2017-1-3,09:45:42,26.02,100,3271,260112,25.92,4,25.91,150,25.82,24,25.80,32,25.79,66,26.02,12,26.04,7,26.08,10,26.09,30,26.10,82,1
2017-1-3,09:46:00,26.00,31,3302,80600,26.00,49,25.92,4,25.91,150,25.82,24,25.80,32,26.02,17,26.03,2,26.04,7,26.08,10,26.09,30,-1
2017-1-3,09:46:03,26.00,49,3351,127400,25.92,5,25.91,150,25.82,24,25.80,32,25.79,66,26.00,1,26.02,17,26.03,2,26.04,7,26.08,18,-1
2017-1-3,09:46:09,26.02,5,3356,13010,25.92,5,25.91,150,25.82,24,25.80,32,25.79,66,26.02,12,26.03,2,26.04,7,26.08,18,26.09,30,1
2017-1-3,09:46:39,26.00,3,3359,7800,26.00,1,25.92,5,25.83,30,25.82,24,25.80,28,26.02,14,26.03,2,26.04,7,26.07,15,26.08,43,-1
2017-1-3,09:46:51,26.00,1,3360,2600,25.92,5,25.83,30,25.82,24,25.80,28,25.79,66,26.00,9,26.01,3,26.02,14,26.03,2,26.04,7,-1
2017-1-3,09:46:54,25.93,1,3361,2593,25.93,3,25.92,5,25.83,30,25.82,24,25.80,28,26.00,29,26.01,3,26.02,14,26.03,2,26.04,7,-1
2017-1-3,09:47:00,26.00,39,3400,101390,26.00,11,25.93,3,25.92,5,25.83,30,25.82,24,26.01,3,26.02,14,26.04,7,26.07,15,26.08,53,1
2017-1-3,09:47:06,26.00,3,3403,7800,26.00,8,25.93,3,25.92,5,25.83,30,25.82,24,26.01,3,26.02,14,26.04,7,26.05,10,26.07,15,-1
2017-1-3,09:47:15,26.00,5,3408,13000,26.00,3,25.93,3,25.92,5,25.83,30,25.82,24,26.01,3,26.02,14,26.04,7,26.05,10,26.07,15,-1
2017-1-3,09:47:18,26.00,3,3411,7800,25.93,3,25.92,5,25.83,30,25.82,17,25.80,28,26.00,5,26.01,3,26.02,14,26.04,12,26.05,10,-1
2017-1-3,09:47:33,26.00,5,3416,13000,26.00,45,25.93,3,25.92,5,25.83,30,25.82,17,26.01,13,26.02,14,26.04,12,26.05,10,26.07,15,1
2017-1-3,09:47:39,26.00,45,3461,117000,25.93,3,25.92,5,25.83,30,25.82,17,25.80,28,26.00,5,26.01,13,26.02,14,26.04,12,26.05,10,-1
2017-1-3,09:47:48,26.01,19,3480,49412,26.01,37,26.00,1,25.93,3,25.92,5,25.83,30,26.02,14,26.04,12,26.05,10,26.07,69,26.08,48,1
2017-1-3,09:47:54,25.93,41,3521,106616,25.92,5,25.84,24,25.83,30,25.82,17,25.80,28,25.93,16,26.02,14,26.04,12,26.05,10,26.07,69,-1
2017-1-3,09:48:09,25.92,3,3524,7777,25.92,4,25.85,9,25.84,4,25.83,35,25.82,17,25.93,66,26.01,50,26.02,14,26.04,12,26.05,10,-1
2017-1-3,09:48:12,25.92,1,3525,2592,25.92,3,25.85,9,25.84,4,25.83,35,25.82,17,25.93,66,26.01,50,26.02,14,26.04,12,26.05,10,-1
2017-1-3,09:48:24,25.83,20,3545,51709,25.90,7,25.83,31,25.82,17,25.80,28,25.79,66,25.93,66,26.01,50,26.02,14,26.04,12,26.05,10,-1
2017-1-3,09:48:39,25.92,65,3610,168470,25.90,2,25.83,39,25.82,17,25.80,28,25.79,66,25.92,40,25.93,66,26.00,10,26.01,50,26.02,14,1
2017-1-3,09:48:45,25.83,41,3651,105917,25.82,17,25.80,28,25.79,66,25.78,29,25.77,4,25.83,12,25.92,40,25.93,66,26.00,10,26.01,50,-1
2017-1-3,09:48:51,25.83,12,3663,30996,25.83,13,25.82,17,25.80,28,25.79,66,25.78,29,25.92,40,25.93,66,26.00,10,26.01,50,26.02,14,1
2017-1-3,09:49:00,25.93,100,3763,259260,25.83,33,25.82,17,25.80,28,25.79,66,25.78,29,25.93,6,26.00,10,26.01,50,26.02,14,26.04,12,1
2017-1-3,09:49:12,25.83,33,3796,85239,25.82,17,25.80,28,25.79,66,25.78,29,25.77,4,25.93,6,26.00,10,26.01,50,26.02,22,26.04,12,-1
2017-1-3,09:49:30,25.93,50,3846,129650,25.84,4,25.83,36,25.82,17,25.80,28,25.79,66,25.93,6,25.99,14,26.00,10,26.01,50,26.02,22,1
2017-1-3,09:49:45,25.79,101,3947,260782,25.79,65,25.78,29,25.77,4,25.76,11,25.74,10,25.93,6,25.99,10,26.00,10,26.01,50,26.02,22,-1
2017-1-3,09:50:00,25.93,8,3955,20744,25.93,192,25.79,75,25.78,29,25.77,4,25.76,11,25.99,10,26.00,10,26.01,50,26.02,22,26.04,12,1
2017-1-3,09:51:18,25.93,3,3958,7779,25.93,195,25.80,11,25.79,75,25.78,32,25.77,34,25.99,10,26.00,6,26.01,50,26.02,22,26.03,25,-1
2017-1-3,09:51:24,26.00,16,3974,41590,26.00,9,25.93,195,25.80,11,25.79,75,25.78,32,26.01,50,26.02,22,26.03,25,26.04,12,26.05,20,1
2017-1-3,09:51:33,26.00,9,3983,23400,25.93,195,25.80,11,25.79,75,25.78,32,25.77,34,26.00,6,26.01,50,26.02,22,26.03,25,26.04,12,-1
2017-1-3,09:51:36,26.00,1,3984,2600,25.93,195,25.80,11,25.79,75,25.78,32,25.77,34,26.00,5,26.01,50,26.02,22,26.03,11,26.04,12,1
2017-1-3,09:52:03,26.00,1,3985,2600,25.93,195,25.82,1,25.80,11,25.79,75,25.78,32,26.00,14,26.01,50,26.02,22,26.03,11,26.04,12,1
2017-1-3,09:52:06,25.93,50,4035,129650,25.93,145,25.82,1,25.80,11,25.79,75,25.78,32,26.00,14,26.01,50,26.02,22,26.03,11,26.04,12,-1
2017-1-3,09:52:21,25.93,26,4061,67418,25.93,119,25.85,1,25.80,11,25.79,75,25.78,32,26.00,79,26.01,50,26.02,22,26.03,11,26.04,12,-1
2017-1-3,09:52:27,25.93,50,4111,129650,25.93,69,25.85,1,25.80,11,25.79,75,25.78,32,26.00,89,26.01,50,26.02,22,26.03,11,26.04,12,-1
2017-1-3,09:52:33,26.00,1,4112,2600,25.93,69,25.85,1,25.80,11,25.79,75,25.78,32,26.00,94,26.01,50,26.02,22,26.03,11,26.04,12,1
2017-1-3,09:52:45,25.93,10,4122,25930,25.93,59,25.85,1,25.80,10,25.79,75,25.78,32,25.99,5,26.00,105,26.01,50,26.02,22,26.03,11,-1
2017-1-3,09:53:12,25.93,59,4181,152987,25.87,5,25.85,1,25.80,10,25.79,75,25.78,32,25.93,38,25.98,9,25.99,77,26.00,100,26.01,50,-1
2017-1-3,09:53:36,25.79,111,4292,286345,25.78,32,25.77,30,25.76,11,25.74,10,25.71,6,25.79,9,25.93,38,25.98,9,25.99,77,26.00,77,-1
2017-1-3,09:53:39,25.79,9,4301,23211,25.79,41,25.78,32,25.77,30,25.76,11,25.74,10,25.93,38,25.98,9,25.99,77,26.00,77,26.01,50,1
2017-1-3,09:54:06,25.93,38,4339,98510,25.87,1,25.80,63,25.79,34,25.78,32,25.77,32,25.93,4,25.99,72,26.00,77,26.01,50,26.02,32,1
2017-1-3,09:54:12,25.92,1,4340,2592,25.80,63,25.79,34,25.78,32,25.77,32,25.76,88,25.92,8,25.93,4,25.99,72,26.00,77,26.01,50,1
2017-1-3,09:54:36,25.80,53,4393,136740,25.80,10,25.79,65,25.78,33,25.77,32,25.76,82,25.92,8,25.93,24,25.98,10,25.99,72,26.00,82,-1
2017-1-3,09:54:54,25.90,1,4394,2590,25.80,10,25.79,65,25.78,33,25.77,32,25.76,82,25.90,1,25.92,10,25.93,24,25.98,10,25.99,47,1
2017-1-3,09:55:00,25.79,43,4437,110907,25.79,32,25.78,33,25.77,32,25.76,82,25.74,10,25.90,1,25.92,10,25.93,24,25.98,10,25.99,67,-1
2017-1-3,09:56:18,25.80,12,4449,30960,25.80,23,25.79,50,25.78,38,25.77,32,25.76,82,25.89,14,25.90,11,25.92,2,25.93,34,25.98,10,-1
2017-1-3,09:57:00,25.76,236,4685,608325,25.74,10,25.71,6,25.70,864,25.68,29,25.66,11,25.76,140,25.89,14,25.90,11,25.92,2,25.93,34,-1
2017-1-3,09:57:06,25.76,4,4689,10304,25.74,10,25.71,6,25.70,864,25.68,29,25.66,11,25.76,136,25.89,14,25.90,11,25.92,2,25.93,34,1
2017-1-3,09:57:39,25.76,130,4819,334880,25.75,5,25.74,10,25.71,6,25.70,864,25.68,29,25.76,6,25.89,14,25.90,11,25.92,2,25.93,34,1
2017-1-3,09:57:42,25.76,6,4825,15456,25.76,2,25.75,5,25.74,10,25.71,6,25.70,864,25.89,14,25.90,11,25.92,2,25.93,34,25.98,10,1
2017-1-3,09:57:57,25.89,4,4829,10356,25.76,2,25.75,7,25.74,10,25.71,14,25.70,864,25.89,10,25.90,11,25.92,2,25.93,34,25.98,10,1
2017-1-3,09:58:12,25.76,40,4869,103040,25.75,7,25.74,10,25.71,35,25.70,864,25.68,29,25.76,60,25.89,10,25.90,11,25.92,2,25.93,34,-1
2017-1-3,09:58:18,25.76,60,4929,154560,25.76,30,25.75,2,25.74,10,25.71,35,25.70,864,25.89,10,25.90,11,25.92,2,25.93,34,25.98,10,1
2017-1-3,09:59:00,25.81,1,4930,2581,25.81,38,25.80,20,25.75,2,25.74,10,25.71,116,25.87,3,25.88,62,25.89,30,25.90,21,25.92,2,-1
2017-1-3,10:00:24,25.90,100,5030,258837,25.83,2,25.82,10,25.79,10,25.76,122,25.75,35,25.90,6,25.92,2,25.93,34,25.98,10,25.99,74,1
2017-1-3,10:01:03,25.90,53,5083,137270,25.83,2,25.82,10,25.79,10,25.76,142,25.75,33,25.90,1,25.92,2,25.93,34,25.98,10,25.99,74,1
2017-1-3,10:01:18,25.90,1,5084,2590,25.85,2,25.83,4,25.82,10,25.79,10,25.76,129,25.93,34,25.98,10,25.99,74,26.00,234,26.01,50,1
2017-1-3,10:02:09,25.92,5,5089,12960,25.85,2,25.83,4,25.82,12,25.79,20,25.76,129,25.93,34,25.98,10,25.99,74,26.00,274,26.01,50,1
2017-1-3,10:02:24,25.82,18,5107,46486,25.79,20,25.76,129,25.75,33,25.74,10,25.71,152,25.82,12,25.90,1,25.93,34,25.97,5,25.98,10,-1
2017-1-3,10:02:45,25.82,5,5112,12910,25.79,20,25.76,129,25.75,33,25.74,10,25.71,152,25.82,7,25.90,1,25.93,34,25.97,5,25.98,10,1
2017-1-3,10:04:36,25.82,7,5119,18074,25.82,4,25.79,20,25.78,5,25.76,131,25.75,43,25.90,7,25.93,34,25.97,7,25.98,10,25.99,78,1
2017-1-3,10:05:45,25.82,14,5133,36148,25.82,3,25.80,34,25.79,20,25.78,5,25.76,131,25.90,18,25.93,34,25.97,7,25.98,10,25.99,93,-1
2017-1-3,10:06:12,25.90,1,5134,2590,25.82,3,25.80,34,25.79,20,25.78,5,25.76,131,25.90,17,25.93,34,25.97,5,25.98,10,25.99,93,1
2017-1-3,10:06:39,25.90,1,5135,2590,25.85,19,25.82,7,25.80,34,25.79,20,25.78,5,25.90,26,25.92,2,25.93,34,25.97,5,25.98,10,1
2017-1-3,10:07:45,25.85,19,5154,49115,25.82,7,25.80,34,25.79,20,25.78,5,25.76,281,25.85,21,25.90,52,25.92,2,25.93,44,25.97,5,-1
2017-1-3,10:08:24,25.82,7,5161,18074,25.79,20,25.78,5,25.76,281,25.75,43,25.74,10,25.81,13,25.85,21,25.90,41,25.92,2,25.93,44,-1
2017-1-3,10:08:39,25.85,8,5169,20680,25.79,20,25.78,12,25.76,281,25.75,43,25.74,10,25.85,13,25.90,41,25.92,2,25.93,44,25.97,5,1
2017-1-3,10:08:54,25.79,13,5182,33549,25.79,18,25.78,12,25.76,281,25.75,43,25.74,10,25.85,13,25.90,41,25.92,2,25.93,44,25.97,5,-1
2017-1-3,10:09:09,25.79,3,5185,7737,25.79,15,25.78,12,25.76,281,25.75,43,25.74,10,25.85,13,25.90,41,25.92,2,25.93,44,25.97,5,-1
2017-1-3,10:09:33,25.78,37,5222,95401,25.76,281,25.75,43,25.74,10,25.71,144,25.70,869,25.78,42,25.85,13,25.90,41,25.92,2,25.93,44,-1
2017-1-3,10:09:36,25.78,5,5227,12890,25.76,281,25.75,43,25.74,10,25.71,144,25.70,869,25.78,37,25.85,13,25.90,41,25.92,2,25.93,44,1
2017-1-3,10:09:39,25.78,37,5264,95386,25.78,63,25.76,281,25.75,43,25.74,10,25.71,144,25.85,13,25.90,41,25.92,2,25.93,44,25.97,5,1
2017-1-3,10:09:51,25.85,1,5265,2585,25.78,63,25.76,281,25.75,43,25.74,10,25.71,144,25.85,12,25.89,59,25.90,31,25.92,2,25.93,44,1
2017-1-3,10:09:57,25.78,5,5270,12890,25.78,58,25.76,281,25.75,43,25.74,10,25.71,144,25.85,22,25.89,59,25.90,31,25.92,2,25.93,44,-1
2017-1-3,10:10:27,25.85,8,5278,20680,25.77,34,25.76,281,25.75,43,25.74,10,25.71,144,25.85,19,25.89,59,25.90,31,25.92,2,25.93,44,1
2017-1-3,10:10:45,25.85,3,5281,7755,25.77,43,25.76,281,25.75,43,25.74,10,25.71,144,25.85,16,25.89,59,25.90,31,25.92,2,25.93,49,1
2017-1-3,10:11:30,25.85,1,5282,2585,25.78,5,25.77,48,25.76,281,25.75,41,25.74,10,25.85,15,25.89,59,25.90,31,25.92,2,25.93,49,1
2017-1-3,10:12:33,25.85,13,5295,33605,25.78,24,25.77,48,25.76,289,25.75,33,25.74,10,25.85,12,25.88,200,25.89,59,25.90,31,25.92,2,1
2017-1-3,10:13:00,25.88,66,5361,170772,25.79,1,25.78,24,25.77,48,25.76,289,25.75,33,25.88,146,25.89,59,25.90,31,25.92,2,25.93,39,1
2017-1-3,10:16:18,25.80,1,5362,2580,25.78,24,25.77,78,25.76,281,25.75,33,25.74,20,25.85,70,25.88,146,25.89,59,25.90,21,25.92,2,-1
2017-1-3,10:16:21,25.85,3,5365,7755,25.78,24,25.77,78,25.76,281,25.75,33,25.74,20,25.85,67,25.88,146,25.89,59,25.90,21,25.92,2,1
2017-1-3,10:16:51,25.84,11,5376,28424,25.84,289,25.78,24,25.77,86,25.76,281,25.75,33,25.85,67,25.88,146,25.89,59,25.90,21,25.92,2,1
2017-1-3,10:17:18,25.84,2,5378,5168,25.84,287,25.79,40,25.78,24,25.77,86,25.76,281,25.85,71,25.88,146,25.89,59,25.90,21,25.92,2,-1
2017-1-3,10:17:21,25.84,137,5515,354008,25.84,150,25.79,40,25.78,24,25.77,86,25.76,281,25.85,71,25.88,146,25.89,59,25.90,21,25.92,2,-1
2017-1-3,10:17:48,25.84,50,5565,129200,25.84,100,25.79,40,25.78,24,25.77,86,25.76,281,25.85,34,25.87,5,25.88,146,25.89,59,25.90,21,-1
2017-1-3,10:17:51,25.84,10,5575,25840,25.84,90,25.79,40,25.78,24,25.77,86,25.76,281,25.85,34,25.87,5,25.88,146,25.89,59,25.90,21,-1
2017-1-3,10:17:54,25.85,1,5576,2585,25.84,90,25.79,40,25.78,24,25.77,86,25.76,281,25.85,33,25.87,5,25.88,146,25.89,59,25.90,21,1
2017-1-3,10:18:09,25.84,90,5666,232560,25.79,40,25.78,24,25.77,86,25.76,281,25.75,33,25.84,22,25.85,33,25.87,5,25.88,146,25.89,59,-1
2017-1-3,10:18:51,25.79,4,5670,10316,25.79,36,25.78,24,25.77,77,25.76,281,25.75,33,25.84,72,25.85,33,25.87,5,25.88,146,25.89,59,-1
2017-1-3,10:20:45,25.79,36,5706,92844,25.78,24,25.77,77,25.76,261,25.75,33,25.74,20,25.79,14,25.83,2,25.84,72,25.85,33,25.87,7,-1
2017-1-3,10:21:09,25.79,8,5714,20632,25.78,24,25.77,77,25.76,261,25.75,33,25.74,20,25.79,6,25.84,72,25.85,33,25.87,7,25.88,146,1
2017-1-3,10:21:48,25.79,1,5715,2579,25.78,24,25.77,77,25.76,261,25.75,33,25.74,20,25.79,5,25.84,72,25.85,33,25.87,7,25.88,146,1
2017-1-3,10:22:30,25.79,5,5720,12895,25.79,5,25.78,24,25.77,77,25.76,261,25.75,33,25.84,72,25.85,33,25.87,7,25.88,146,25.89,59,1
2017-1-3,10:23:48,25.84,10,5730,25840,25.79,10,25.78,24,25.77,77,25.76,261,25.75,33,25.84,62,25.85,33,25.87,7,25.88,146,25.89,59,1
2017-1-3,10:24:30,25.84,7,5737,18088,25.80,4,25.79,10,25.78,24,25.77,77,25.76,261,25.84,57,25.85,33,25.87,7,25.88,146,25.89,59,1
2017-1-3,10:25:06,25.80,4,5741,10320,25.79,10,25.78,24,25.77,77,25.76,261,25.75,33,25.80,7,25.84,57,25.85,33,25.87,7,25.88,146,-1
2017-1-3,10:25:39,25.79,10,5751,25790,25.78,29,25.77,77,25.76,261,25.75,33,25.74,20,25.79,59,25.80,7,25.84,57,25.85,33,25.87,7,-1
2017-1-3,10:27:03,25.79,9,5760,23211,25.78,29,25.77,77,25.76,261,25.75,33,25.74,20,25.79,50,25.80,7,25.84,57,25.85,33,25.87,7,1
2017-1-3,10:27:15,25.78,29,5789,74762,25.77,77,25.76,261,25.75,33,25.74,20,25.71,78,25.78,8,25.79,50,25.80,7,25.84,57,25.85,33,-1
2017-1-3,10:27:33,25.78,8,5797,20624,25.78,1,25.77,77,25.76,261,25.75,33,25.74,20,25.79,50,25.80,7,25.84,57,25.85,33,25.87,7,1
2017-1-3,10:28:18,25.78,6,5803,15468,25.78,54,25.77,77,25.76,261,25.75,48,25.74,20,25.79,50,25.80,7,25.84,57,25.85,33,25.87,7,-1
2017-1-3,10:28:39,25.78,6,5809,15468,25.78,48,25.77,77,25.76,261,25.75,48,25.74,20,25.79,50,25.80,7,25.84,57,25.85,33,25.87,7,-1
2017-1-3,10:28:51,25.79,6,5815,15474,25.78,48,25.77,77,25.76,261,25.75,48,25.74,20,25.79,44,25.80,7,25.84,57,25.85,33,25.87,7,1
2017-1-3,10:29:27,25.78,20,5835,51586,25.78,34,25.77,77,25.76,261,25.75,48,25.74,20,25.79,44,25.80,7,25.84,55,25.85,33,25.87,7,-1
2017-1-3,10:29:42,25.78,5,5840,12890,25.78,29,25.77,77,25.76,261,25.75,48,25.74,20,25.79,44,25.80,7,25.84,55,25.85,33,25.87,7,-1
2017-1-3,10:30:15,25.78,7,5847,18046,25.78,22,25.77,77,25.76,261,25.75,53,25.74,20,25.79,44,25.80,7,25.84,55,25.85,33,25.87,7,-1
2017-1-3,10:30:24,25.79,33,5880,85052,25.77,77,25.76,261,25.75,53,25.74,20,25.71,78,25.79,40,25.80,7,25.84,55,25.85,33,25.87,7,1
2017-1-3,10:30:48,25.77,1,5881,2577,25.77,81,25.76,261,25.75,53,25.74,20,25.71,78,25.78,3,25.79,40,25.80,7,25.84,55,25.85,33,-1
2017-1-3,10:30:57,25.78,3,5884,7734,25.78,11,25.77,82,25.76,261,25.75,53,25.74,20,25.79,40,25.80,7,25.84,55,25.85,33,25.87,7,1
2017-1-3,10:31:30,25.79,20,5904,51580,25.78,11,25.77,82,25.76,261,25.75,53,25.74,20,25.79,20,25.80,7,25.84,55,25.85,33,25.87,7,1
2017-1-3,10:31:42,25.79,1,5905,2579,25.78,11,25.77,82,25.76,261,25.75,53,25.74,20,25.79,19,25.80,7,25.84,55,25.85,33,25.87,7,1
2017-1-3,10:31:57,25.79,10,5915,25790,25.78,11,25.77,82,25.76,261,25.75,53,25.74,20,25.79,9,25.80,7,25.84,55,25.85,33,25.87,7,1
2017-1-3,10:32:03,25.79,29,5944,74817,25.79,1,25.78,13,25.77,82,25.76,261,25.75,53,25.80,7,25.84,55,25.85,33,25.87,7,25.88,146,1
2017-1-3,10:33:18,25.79,8,5952,20606,25.78,21,25.77,74,25.76,261,25.75,53,25.74,20,25.79,4,25.80,9,25.84,55,25.85,33,25.87,7,-1
2017-1-3,10:34:09,25.79,1,5953,2579,25.78,21,25.77,74,25.76,261,25.75,53,25.74,20,25.79,3,25.80,9,25.84,55,25.85,33,25.87,7,1
2017-1-3,10:34:36,25.79,1,5954,2579,25.78,31,25.77,74,25.76,261,25.75,53,25.74,20,25.79,2,25.80,9,25.84,55,25.85,33,25.87,7,1
2017-1-3,10:35:06,25.79,2,5956,5184,25.79,6,25.78,31,25.77,74,25.76,261,25.75,53,25.80,9,25.84,55,25.85,33,25.87,7,25.88,146,1
2017-1-3,10:35:09,25.78,10,5966,25787,25.78,27,25.77,74,25.76,261,25.75,53,25.74,20,25.80,9,25.84,55,25.85,33,25.87,7,25.88,146,-1
2017-1-3,10:35:33,25.78,29,5995,74765,25.78,1,25.77,74,25.76,261,25.75,53,25.74,20,25.80,9,25.84,55,25.85,33,25.87,7,25.88,146,-1
2017-1-3,10:36:30,25.77,102,6097,262856,25.76,261,25.75,53,25.74,20,25.71,57,25.70,366,25.77,15,25.80,12,25.84,55,25.85,29,25.87,7,-1
2017-1-3,10:37:06,25.77,15,6112,38681,25.77,3,25.76,261,25.75,53,25.74,20,25.71,57,25.80,12,25.84,55,25.85,29,25.87,7,25.88,146,1
2017-1-3,10:39:00,25.76,30,6142,77281,25.76,248,25.75,53,25.74,26,25.71,57,25.70,366,25.79,10,25.80,23,25.84,55,25.85,29,25.87,7,-1
2017-1-3,10:39:27,25.76,11,6153,28336,25.76,237,25.75,53,25.74,26,25.71,57,25.70,366,25.79,10,25.80,21,25.84,55,25.85,29,25.87,7,-1
2017-1-3,10:41:18,25.77,1,6154,2577,25.77,1,25.76,237,25.75,48,25.74,26,25.71,59,25.79,12,25.80,21,25.84,55,25.85,29,25.87,7,-1
2017-1-3,10:41:39,25.77,3,6157,7731,25.77,10,25.76,237,25.75,48,25.74,26,25.71,59,25.79,12,25.80,21,25.84,55,25.85,29,25.87,7,-1
2017-1-3,10:41:48,25.79,7,6164,18053,25.77,10,25.76,237,25.75,46,25.74,26,25.71,59,25.79,5,25.80,21,25.84,55,25.85,29,25.87,7,1
2017-1-3,10:42:00,25.77,17,6181,43809,25.76,237,25.75,46,25.74,26,25.71,59,25.70,371,25.77,21,25.79,5,25.80,21,25.84,55,25.85,29,-1
2017-1-3,10:43:06,25.76,10,6191,25760,25.76,227,25.75,46,25.74,26,25.71,59,25.70,371,25.77,20,25.79,5,25.80,21,25.84,55,25.85,29,-1
2017-1-3,10:43:09,25.77,9,6200,23193,25.76,227,25.75,46,25.74,26,25.71,59,25.70,371,25.77,11,25.79,5,25.80,21,25.84,55,25.85,29,1
2017-1-3,10:43:57,25.76,6,6206,15456,25.76,221,25.75,46,25.74,26,25.71,59,25.70,371,25.77,11,25.79,5,25.80,21,25.84,55,25.85,29,-1
2017-1-3,10:44:09,25.76,3,6209,7728,25.76,218,25.75,46,25.74,26,25.71,59,25.70,371,25.77,11,25.79,5,25.80,21,25.84,55,25.85,29,-1
2017-1-3,10:44:21,25.76,3,6212,7728,25.76,215,25.75,46,25.74,26,25.71,59,25.70,371,25.77,11,25.79,5,25.80,21,25.84,55,25.85,29,-1
2017-1-3,10:44:48,25.77,3,6215,7731,25.76,215,25.75,46,25.74,26,25.71,59,25.70,371,25.77,8,25.80,21,25.84,55,25.85,29,25.87,7,1
2017-1-3,10:44:57,25.76,1,6216,2576,25.76,214,25.75,46,25.74,26,25.71,59,25.70,371,25.77,8,25.80,21,25.84,55,25.85,29,25.87,7,-1
2017-1-3,10:45:03,25.77,8,6224,20616,25.77,30,25.76,214,25.75,46,25.74,26,25.71,59,25.80,21,25.84,55,25.85,29,25.87,7,25.88,146,1
2017-1-3,10:45:45,25.77,16,6240,41232,25.77,24,25.76,214,25.75,46,25.74,26,25.71,59,25.80,23,25.84,55,25.85,29,25.87,7,25.88,146,-1
2017-1-3,10:45:54,25.80,23,6263,59340,25.80,14,25.77,24,25.76,214,25.75,46,25.74,26,25.84,55,25.85,29,25.87,7,25.88,146,25.90,41,1
2017-1-3,10:47:00,25.80,5,6268,12900,25.80,9,25.77,56,25.76,214,25.75,46,25.74,26,25.84,55,25.85,29,25.87,7,25.88,146,25.89,5,-1
2017-1-3,10:47:03,25.80,5,6273,12900,25.80,4,25.77,56,25.76,214,25.75,46,25.74,26,25.84,55,25.85,29,25.87,7,25.88,146,25.89,5,-1
2017-1-3,10:47:06,25.80,4,6277,10320,25.77,56,25.76,214,25.75,46,25.74,26,25.71,59,25.80,11,25.84,55,25.85,29,25.87,7,25.88,146,-1
2017-1-3,10:48:36,25.79,5,6282,12895,25.77,80,25.76,214,25.75,46,25.74,26,25.71,59,25.79,10,25.80,21,25.84,55,25.85,29,25.87,71,1
2017-1-3,10:48:45,25.77,13,6295,33501,25.77,67,25.76,214,25.75,46,25.74,26,25.71,59,25.79,10,25.80,24,25.84,55,25.85,29,25.87,71,-1
2017-1-3,10:49:06,25.77,11,6306,28347,25.77,56,25.76,214,25.75,46,25.74,26,25.73,5,25.79,10,25.80,13,25.84,55,25.85,29,25.87,71,-1
2017-1-3,10:49:15,25.77,10,6316,25770,25.77,46,25.76,214,25.75,46,25.74,26,25.73,5,25.79,10,25.80,13,25.84,55,25.85,31,25.87,71,-1
2017-1-3,10:49:39,25.77,2,6318,5154,25.77,44,25.76,214,25.75,46,25.74,26,25.73,5,25.79,10,25.80,13,25.84,55,25.85,31,25.87,71,-1
2017-1-3,10:49:54,25.79,10,6328,25790,25.79,4,25.77,44,25.76,214,25.75,46,25.74,26,25.80,13,25.84,55,25.85,31,25.87,71,25.88,146,1
2017-1-3,10:52:57,25.79,1,6329,2579,25.79,3,25.78,4,25.77,44,25.76,214,25.75,46,25.80,21,25.84,55,25.85,29,25.87,71,25.88,146,-1
2017-1-3,10:53:39,25.79,3,6332,7737,25.78,4,25.77,52,25.76,214,25.75,46,25.74,26,25.79,6,25.80,21,25.84,55,25.85,29,25.87,71,-1
2017-1-3,10:54:48,25.79,5,6337,12895,25.78,4,25.77,86,25.76,214,25.75,46,25.74,26,25.79,7,25.80,21,25.84,55,25.85,29,25.87,71,1
2017-1-3,10:56:24,25.79,3,6340,7737,25.78,43,25.77,86,25.76,214,25.75,46,25.74,26,25.79,4,25.80,26,25.84,55,25.85,29,25.87,21,1
2017-1-3,10:56:27,25.78,4,6344,10312,25.78,39,25.77,86,25.76,214,25.75,46,25.74,26,25.79,4,25.80,29,25.84,55,25.85,29,25.87,21,-1
2017-1-3,10:56:45,25.78,1,6345,2578,25.78,50,25.77,86,25.76,214,25.75,46,25.74,26,25.79,4,25.80,29,25.84,55,25.85,29,25.87,21,-1
2017-1-3,10:57:24,25.78,10,6355,25780,25.78,40,25.77,86,25.76,214,25.75,46,25.74,31,25.79,4,25.80,29,25.84,55,25.85,29,25.87,21,-1
2017-1-3,10:57:27,25.79,4,6359,10316,25.79,2,25.78,40,25.77,86,25.76,214,25.75,46,25.80,29,25.84,55,25.85,29,25.87,21,25.88,146,1
2017-1-3,10:57:42,25.79,2,6361,5158,25.78,40,25.77,86,25.76,214,25.75,46,25.74,31,25.79,2,25.80,29,25.84,55,25.85,29,25.87,21,-1
2017-1-3,10:57:51,25.78,2,6363,5156,25.78,38,25.77,86,25.76,214,25.75,46,25.74,31,25.79,2,25.80,29,25.84,55,25.85,29,25.87,21,-1
2017-1-3,10:59:27,25.78,1,6364,1263,25.78,37,25.77,86,25.76,214,25.75,46,25.74,31,25.79,2,25.80,29,25.84,55,25.85,29,25.87,21,-1
2017-1-3,10:59:30,25.78,15,6379,38670,25.78,22,25.77,86,25.76,214,25.75,46,25.74,31,25.79,2,25.80,29,25.84,55,25.85,29,25.87,21,-1
2017-1-3,10:59:51,25.79,2,6381,5158,25.79,2,25.78,22,25.77,86,25.76,214,25.75,46,25.80,29,25.84,55,25.85,29,25.87,21,25.88,146,1
2017-1-3,11:00:18,25.80,29,6410,74820,25.79,2,25.78,22,25.77,86,25.76,214,25.75,46,25.84,55,25.85,29,25.87,21,25.88,146,25.89,5,1
2017-1-3,11:00:21,25.79,2,6412,5158,25.78,22,25.77,86,25.76,214,25.75,46,25.74,31,25.79,73,25.84,55,25.85,29,25.87,21,25.88,146,-1
2017-1-3,11:01:24,25.78,22,6434,58031,25.77,86,25.76,214,25.75,46,25.74,31,25.73,5,25.78,22,25.79,73,25.84,55,25.85,29,25.87,21,-1
2017-1-3,11:01:33,25.78,23,6457,57979,25.78,77,25.77,86,25.76,214,25.75,46,25.74,31,25.79,77,25.84,55,25.85,29,25.87,21,25.88,146,1
2017-1-3,11:04:39,25.78,3,6460,7734,25.78,74,25.77,138,25.76,214,25.75,46,25.74,31,25.79,77,25.84,55,25.85,29,25.87,31,25.88,146,-1
2017-1-3,11:05:18,25.79,19,6479,48989,25.78,67,25.77,138,25.76,214,25.75,46,25.74,31,25.79,70,25.84,55,25.85,29,25.87,31,25.88,146,1
2017-1-3,11:07:24,25.79,1,6480,2579,25.78,67,25.77,138,25.76,214,25.75,47,25.74,31,25.79,69,25.84,55,25.85,29,25.87,31,25.88,146,1
2017-1-3,11:08:12,25.79,19,6499,49001,25.78,67,25.77,138,25.76,214,25.75,47,25.74,31,25.79,50,25.84,55,25.85,29,25.87,31,25.88,146,1
2017-1-3,11:09:24,25.78,10,6509,25780,25.78,62,25.77,133,25.76,214,25.75,47,25.74,31,25.79,50,25.84,55,25.85,29,25.87,31,25.88,146,-1
2017-1-3,11:09:30,25.79,2,6511,5158,25.78,62,25.77,133,25.76,214,25.75,47,25.74,31,25.79,48,25.84,55,25.85,29,25.87,31,25.88,146,1
2017-1-3,11:09:51,25.79,48,6559,123792,25.79,16,25.78,63,25.77,133,25.76,214,25.75,47,25.84,55,25.85,29,25.87,31,25.88,146,25.89,5,1
2017-1-3,11:12:09,25.80,3,6562,7740,25.79,46,25.78,63,25.77,81,25.76,216,25.75,47,25.80,14,25.84,55,25.85,29,25.87,81,25.88,146,-1
2017-1-3,11:12:30,25.80,14,6576,36120,25.80,2,25.79,40,25.78,63,25.77,91,25.76,216,25.84,55,25.85,29,25.87,81,25.88,146,25.89,5,1
2017-1-3,11:13:09,25.80,1,6577,2580,25.80,1,25.79,40,25.78,63,25.77,91,25.76,216,25.83,5,25.84,55,25.85,29,25.87,81,25.88,146,-1
2017-1-3,11:17:00,25.83,7,6584,18082,25.83,11,25.80,16,25.79,30,25.78,53,25.77,91,25.84,55,25.85,29,25.87,81,25.88,146,25.89,5,1
2017-1-3,11:18:33,25.84,10,6594,25840,25.83,20,25.80,6,25.79,30,25.78,93,25.77,91,25.84,45,25.85,38,25.87,81,25.88,146,25.89,5,1
2017-1-3,11:19:03,25.83,10,6604,25828,25.83,1,25.80,6,25.79,30,25.78,93,25.77,91,25.84,45,25.85,38,25.87,81,25.88,146,25.89,5,-1
2017-1-3,11:19:21,25.84,8,6612,20672,25.83,1,25.80,6,25.79,30,25.78,93,25.77,91,25.84,37,25.85,38,25.87,81,25.88,146,25.89,5,1
2017-1-3,11:19:27,25.83,1,6613,2584,25.80,6,25.79,30,25.78,93,25.77,91,25.76,216,25.83,19,25.84,39,25.85,38,25.87,81,25.88,146,-1
2017-1-3,11:21:36,25.83,19,6632,49076,25.83,14,25.80,11,25.79,30,25.78,93,25.77,91,25.84,39,25.85,38,25.87,31,25.88,146,25.89,5,1
2017-1-3,11:21:48,25.83,14,6646,36164,25.80,11,25.79,30,25.78,93,25.77,91,25.76,216,25.83,36,25.84,39,25.85,38,25.87,31,25.88,146,-1
2017-1-3,11:22:30,25.84,68,6714,175672,25.80,11,25.79,30,25.78,93,25.77,91,25.76,216,25.84,9,25.85,38,25.87,31,25.88,146,25.89,5,1
2017-1-3,11:22:42,25.80,9,6723,23220,25.80,2,25.79,30,25.78,93,25.77,91,25.76,216,25.84,9,25.85,38,25.87,31,25.88,146,25.89,5,-1
2017-1-3,11:23:03,25.84,5,6728,12920,25.80,2,25.79,25,25.78,93,25.77,91,25.76,216,25.84,4,25.85,38,25.87,31,25.88,146,25.89,5,1
2017-1-3,11:23:09,25.84,4,6732,10336,25.84,9,25.80,2,25.79,25,25.78,93,25.77,91,25.85,38,25.87,31,25.88,146,25.89,5,25.90,41,1
2017-1-3,11:23:33,25.84,9,6741,23256,25.80,2,25.79,25,25.78,93,25.77,91,25.76,216,25.83,32,25.85,38,25.87,31,25.88,146,25.89,5,-1
2017-1-3,11:24:00,25.80,1,6742,2580,25.80,1,25.79,24,25.78,93,25.77,91,25.76,216,25.83,32,25.85,38,25.87,31,25.88,146,25.89,5,-1
2017-1-3,11:24:21,25.83,24,6766,61992,25.80,8,25.79,24,25.78,92,25.77,91,25.76,216,25.83,8,25.85,38,25.87,31,25.88,146,25.89,5,1
2017-1-3,11:24:51,25.83,4,6770,10332,25.80,14,25.79,24,25.78,92,25.77,91,25.76,216,25.83,14,25.84,46,25.85,38,25.87,31,25.88,146,1
2017-1-3,11:25:24,25.83,11,6781,28414,25.80,14,25.79,24,25.78,92,25.77,91,25.76,216,25.83,3,25.84,46,25.85,38,25.87,31,25.88,146,1
2017-1-3,11:26:15,25.83,7,6788,18082,25.83,5,25.80,14,25.79,24,25.78,92,25.77,91,25.84,46,25.85,38,25.87,31,25.88,146,25.89,5,1
2017-1-3,11:27:06,25.84,3,6791,7752,25.83,5,25.80,14,25.79,24,25.78,92,25.77,91,25.84,43,25.85,38,25.87,31,25.88,146,25.89,5,1
2017-1-3,11:27:12,25.80,15,6806,38714,25.80,4,25.79,24,25.78,92,25.77,91,25.76,216,25.84,43,25.85,38,25.87,31,25.88,146,25.89,5,-1
2017-1-3,13:00:03,25.80,3,6809,7746,25.80,40,25.79,34,25.78,113,25.77,91,25.76,216,25.83,46,25.85,38,25.87,30,25.88,146,25.89,5,-1
2017-1-3,13:00:06,25.80,40,6849,103200,25.79,34,25.78,113,25.77,91,25.76,216,25.75,47,25.80,30,25.83,46,25.85,38,25.87,30,25.88,146,-1
2017-1-3,13:00:42,25.80,30,6879,77400,25.79,34,25.78,113,25.77,91,25.76,216,25.75,47,25.83,46,25.85,38,25.87,30,25.88,146,25.89,5,1
2017-1-3,13:01:18,25.83,4,6883,10332,25.79,34,25.78,113,25.77,91,25.76,216,25.75,47,25.83,42,25.85,38,25.87,30,25.88,146,25.89,5,1
2017-1-3,13:02:06,25.83,2,6885,5166,25.79,34,25.78,113,25.77,91,25.76,214,25.75,47,25.83,40,25.85,38,25.87,30,25.88,146,25.89,5,1
2017-1-3,13:04:39,25.83,40,6925,103320,25.83,95,25.80,94,25.79,124,25.78,113,25.77,91,25.85,60,25.87,30,25.88,146,25.89,5,25.90,41,1
2017-1-3,13:05:00,25.83,10,6935,25830,25.83,85,25.80,94,25.79,124,25.78,113,25.77,91,25.85,60,25.87,30,25.88,146,25.89,5,25.90,41,-1
2017-1-3,13:05:15,25.85,8,6943,20680,25.83,85,25.80,94,25.79,124,25.78,113,25.77,91,25.85,52,25.87,30,25.88,146,25.89,5,25.90,41,1
2017-1-3,13:05:21,25.85,7,6950,18096,25.83,85,25.80,94,25.79,124,25.78,113,25.77,91,25.85,45,25.87,30,25.88,146,25.89,5,25.90,41,1
2017-1-3,13:05:42,25.85,48,6998,124076,25.85,10,25.83,85,25.80,94,25.79,124,25.78,113,25.87,30,25.88,146,25.89,5,25.90,41,25.91,2,1
2017-1-3,13:06:12,25.87,1,6999,2588,25.85,10,25.83,85,25.80,94,25.79,124,25.78,113,25.87,29,25.88,146,25.89,5,25.90,41,25.91,2,1
2017-1-3,13:06:21,25.83,18,7017,46512,25.83,77,25.80,94,25.79,124,25.78,113,25.77,91,25.87,29,25.88,146,25.89,5,25.90,41,25.91,2,-1
2017-1-3,13:06:24,25.87,2,7019,5176,25.83,77,25.80,94,25.79,124,25.78,113,25.77,91,25.87,27,25.88,146,25.89,5,25.90,41,25.91,2,1
2017-1-3,13:06:45,25.87,24,7043,62088,25.80,94,25.79,124,25.78,113,25.77,91,25.76,214,25.87,3,25.88,146,25.89,5,25.90,41,25.91,2,1
2017-1-3,13:06:48,25.87,3,7046,7760,25.87,74,25.80,94,25.79,124,25.78,113,25.77,91,25.88,146,25.89,5,25.90,41,25.91,2,25.93,15,1
2017-1-3,13:07:00,25.88,10,7056,25880,25.87,74,25.80,98,25.79,124,25.78,113,25.77,91,25.88,136,25.89,5,25.90,41,25.91,2,25.93,15,1
2017-1-3,13:07:15,25.88,2,7058,5176,25.87,74,25.80,98,25.79,124,25.78,113,25.77,91,25.88,134,25.89,5,25.90,41,25.91,2,25.93,15,1
2017-1-3,13:07:30,25.88,1,7059,2588,25.80,98,25.79,124,25.78,113,25.77,91,25.76,214,25.88,133,25.89,5,25.90,41,25.91,2,25.93,15,1
2017-1-3,13:07:39,25.88,74,7133,191512,25.80,98,25.79,124,25.78,113,25.77,91,25.76,214,25.88,59,25.89,5,25.90,41,25.91,2,25.93,15,1
2017-1-3,13:09:18,25.88,20,7153,51760,25.80,98,25.79,124,25.78,113,25.77,91,25.76,214,25.88,39,25.89,5,25.90,41,25.91,2,25.93,15,1
2017-1-3,13:09:27,25.88,9,7162,23292,25.85,3,25.80,98,25.79,124,25.78,113,25.77,91,25.88,30,25.89,5,25.90,41,25.91,2,25.93,15,1
2017-1-3,13:09:57,25.85,5,7167,12924,25.80,98,25.79,124,25.78,113,25.77,91,25.76,214,25.88,31,25.89,65,25.90,41,25.91,2,25.93,15,-1
2017-1-3,13:11:03,25.85,20,7187,51700,25.85,80,25.80,98,25.79,124,25.78,113,25.77,91,25.88,36,25.89,65,25.90,41,25.91,2,25.93,15,-1
2017-1-3,13:11:06,25.85,3,7190,7756,25.85,77,25.80,98,25.79,124,25.78,113,25.77,91,25.88,36,25.89,65,25.90,41,25.91,2,25.93,15,-1
2017-1-3,13:11:09,25.85,1,7191,2584,25.85,76,25.80,98,25.79,124,25.78,113,25.77,91,25.88,36,25.89,65,25.90,41,25.91,2,25.93,15,-1
2017-1-3,13:11:36,25.85,17,7208,43946,25.85,59,25.80,98,25.79,124,25.78,113,25.77,91,25.88,36,25.89,65,25.90,41,25.91,2,25.93,15,-1
2017-1-3,13:11:48,25.88,2,7210,5176,25.85,61,25.80,98,25.79,124,25.78,113,25.77,91,25.88,34,25.89,65,25.90,41,25.91,2,25.93,15,1
2017-1-3,13:11:51,25.88,1,7211,2588,25.85,61,25.80,98,25.79,124,25.78,113,25.77,91,25.88,33,25.89,65,25.90,41,25.91,2,25.93,15,1
2017-1-3,13:12:24,25.86,9,7220,23274,25.85,61,25.80,98,25.79,124,25.78,113,25.77,91,25.86,11,25.88,33,25.89,65,25.90,41,25.91,2,-1
2017-1-3,13:13:18,25.80,80,7300,206704,25.80,79,25.79,124,25.78,113,25.77,91,25.76,214,25.86,11,25.88,33,25.89,65,25.90,41,25.91,2,-1
2017-1-3,13:13:51,25.80,5,7305,12900,25.80,74,25.79,124,25.78,113,25.77,91,25.76,214,25.86,11,25.88,33,25.89,65,25.90,41,25.91,2,-1
2017-1-3,13:15:45,25.81,25,7330,64526,25.80,83,25.79,124,25.78,113,25.77,91,25.76,214,25.81,75,25.86,11,25.88,40,25.89,65,25.90,41,-1
2017-1-3,13:15:51,25.81,15,7345,38714,25.80,83,25.79,124,25.78,113,25.77,91,25.76,214,25.81,60,25.86,11,25.88,40,25.89,65,25.90,41,1
2017-1-3,13:16:03,25.80,5,7350,12900,25.80,78,25.79,124,25.78,113,25.77,91,25.76,214,25.81,60,25.86,11,25.88,40,25.89,65,25.90,41,-1
2017-1-3,13:16:24,25.81,20,7370,51620,25.80,84,25.79,124,25.78,113,25.77,91,25.76,214,25.81,40,25.86,11,25.88,40,25.89,65,25.90,41,1
2017-1-3,13:16:30,25.81,8,7378,20648,25.80,84,25.79,124,25.78,113,25.77,91,25.76,214,25.81,32,25.86,11,25.88,40,25.89,65,25.90,41,1
2017-1-3,13:17:12,25.81,2,7380,5164,25.80,84,25.79,132,25.78,113,25.77,91,25.76,214,25.81,30,25.86,11,25.88,40,25.89,65,25.90,41,1
2017-1-3,13:17:18,25.81,30,7410,77428,25.81,200,25.80,84,25.79,132,25.78,113,25.77,91,25.86,11,25.88,40,25.89,65,25.90,41,25.91,2,1
2017-1-3,13:17:33,25.81,10,7420,25816,25.81,200,25.80,84,25.79,132,25.78,113,25.77,91,25.86,11,25.88,40,25.89,65,25.90,41,25.91,2,-1
2017-1-3,13:18:06,25.86,8,7428,20688,25.81,200,25.80,84,25.79,132,25.78,113,25.77,91,25.86,4,25.88,40,25.89,65,25.90,41,25.91,2,1
2017-1-3,13:18:51,25.86,4,7432,10344,25.86,4,25.81,208,25.80,78,25.79,124,25.78,113,25.88,40,25.89,65,25.90,41,25.91,2,25.93,15,1
2017-1-3,13:18:54,25.86,4,7436,10344,25.81,208,25.80,78,25.79,124,25.78,113,25.77,91,25.88,40,25.89,65,25.90,41,25.91,2,25.93,15,-1
2017-1-3,13:20:00,25.86,1,7437,2588,25.86,29,25.81,208,25.80,78,25.79,124,25.78,113,25.88,40,25.89,65,25.90,41,25.91,2,25.93,15,-1
2017-1-3,13:20:03,25.88,30,7467,77640,25.86,29,25.81,208,25.80,78,25.79,124,25.78,113,25.88,10,25.89,65,25.90,41,25.91,2,25.93,15,1
2017-1-3,13:20:06,25.81,58,7525,149842,25.81,179,25.80,78,25.79,124,25.78,113,25.77,91,25.88,10,25.89,65,25.90,41,25.91,2,25.93,15,-1
2017-1-3,13:20:39,25.88,5,7530,12940,25.82,2,25.81,175,25.80,77,25.79,124,25.78,113,25.88,5,25.89,65,25.90,41,25.91,2,25.93,15,1
2017-1-3,13:21:33,25.88,5,7535,12940,25.88,18,25.82,2,25.81,186,25.80,77,25.79,124,25.89,65,25.90,41,25.91,2,25.93,15,25.95,3,1
2017-1-3,13:22:12,25.89,14,7549,36246,25.88,18,25.82,2,25.81,186,25.80,77,25.79,114,25.89,53,25.90,41,25.91,2,25.93,15,25.95,3,1
2017-1-3,13:22:33,25.89,10,7559,25890,25.88,26,25.82,2,25.81,186,25.80,77,25.79,114,25.89,43,25.90,41,25.91,7,25.93,15,25.95,3,1
2017-1-3,13:23:00,25.89,10,7569,25890,25.88,26,25.82,2,25.81,186,25.80,77,25.79,114,25.89,23,25.90,41,25.91,7,25.93,15,25.95,3,1
2017-1-3,13:23:39,25.89,10,7579,25890,25.88,26,25.82,2,25.81,175,25.80,87,25.79,114,25.89,13,25.90,41,25.91,7,25.93,15,25.95,3,1
2017-1-3,13:23:45,25.89,8,7587,20712,25.88,26,25.82,2,25.81,175,25.80,87,25.79,114,25.89,5,25.90,41,25.91,7,25.93,15,25.95,3,1
2017-1-3,13:23:51,25.89,5,7592,12946,25.89,192,25.88,26,25.82,2,25.81,175,25.80,87,25.90,41,25.91,7,25.93,15,25.95,3,25.96,40,1
2017-1-3,13:23:57,25.89,15,7607,38834,25.89,177,25.88,26,25.82,2,25.81,175,25.80,87,25.90,41,25.91,7,25.93,15,25.95,3,25.96,40,-1
2017-1-3,13:24:12,25.89,5,7612,12946,25.89,172,25.88,26,25.82,2,25.81,175,25.80,87,25.90,41,25.91,7,25.93,15,25.95,3,25.96,40,-1
2017-1-3,13:24:27,25.90,41,7653,106188,25.90,11,25.89,172,25.88,26,25.82,2,25.81,175,25.91,7,25.93,15,25.95,3,25.96,40,25.97,10,1
2017-1-3,13:24:51,25.91,7,7660,18132,25.90,59,25.89,172,25.88,26,25.82,41,25.81,8,25.91,6,25.93,15,25.95,3,25.96,40,25.97,10,1
2017-1-3,13:25:12,25.91,6,7666,15546,25.90,59,25.89,172,25.88,8,25.82,41,25.81,8,25.93,15,25.95,3,25.96,40,25.97,10,25.98,5,1
2017-1-3,13:25:21,25.93,15,7681,38894,25.93,3,25.91,166,25.90,59,25.89,172,25.88,8,25.95,3,25.96,40,25.97,10,25.98,5,25.99,42,1
2017-1-3,13:25:33,25.95,3,7684,7786,25.94,15,25.93,8,25.91,166,25.90,49,25.89,172,25.96,40,25.97,10,25.98,5,25.99,36,26.00,160,1
2017-1-3,13:25:48,25.96,10,7694,25960,25.93,3,25.90,49,25.89,172,25.88,8,25.82,41,25.96,30,25.97,10,25.98,5,25.99,36,26.00,160,1
2017-1-3,13:26:03,25.97,39,7733,101254,25.93,3,25.90,34,25.89,172,25.88,8,25.82,41,25.97,1,25.98,5,25.99,36,26.00,160,26.01,50,1
2017-1-3,13:26:12,25.99,15,7748,38976,25.93,3,25.91,115,25.90,34,25.89,172,25.88,8,25.99,26,26.00,160,26.01,50,26.02,19,26.03,1,1
2017-1-3,13:26:18,25.99,26,7774,67576,25.99,140,25.93,3,25.91,115,25.90,16,25.88,8,26.00,160,26.01,50,26.02,19,26.03,1,26.04,5,-1
2017-1-3,13:26:24,26.00,150,7924,390000,26.00,25,25.99,140,25.97,7,25.93,3,25.90,16,26.01,50,26.02,19,26.03,1,26.04,5,26.05,72,1
2017-1-3,13:26:27,26.02,69,7993,179488,26.02,6,26.00,43,25.99,140,25.97,7,25.93,3,26.03,1,26.04,5,26.05,62,26.06,18,26.07,59,1
2017-1-3,13:26:42,26.02,2,7995,5204,26.02,17,26.00,273,25.99,140,25.97,7,25.93,3,26.03,1,26.04,47,26.05,62,26.06,18,26.07,59,-1
2017-1-3,13:26:57,26.02,2,7997,5204,26.02,17,26.00,275,25.99,140,25.97,7,25.93,3,26.03,1,26.04,5,26.05,62,26.06,18,26.07,59,-1
2017-1-3,13:27:00,26.03,1,7998,2602,26.03,5,26.02,22,26.01,8,26.00,275,25.99,140,26.04,5,26.05,62,26.06,18,26.07,59,26.08,81,1
2017-1-3,13:27:03,26.03,3,8001,7810,26.03,2,26.02,32,26.01,8,26.00,275,25.99,140,26.04,5,26.05,62,26.06,18,26.07,59,26.08,81,-1
2017-1-3,13:27:15,26.04,5,8006,13020,26.04,87,26.03,3,26.02,32,26.01,8,26.00,275,26.05,62,26.06,18,26.07,59,26.08,81,26.09,33,1
2017-1-3,13:27:18,26.04,1,8007,2604,26.04,86,26.03,3,26.02,32,26.01,8,26.00,275,26.05,62,26.06,18,26.07,59,26.08,83,26.09,33,-1
2017-1-3,13:27:24,26.04,50,8057,130200,26.04,36,26.03,3,26.02,32,26.01,8,26.00,275,26.05,60,26.06,18,26.07,59,26.08,83,26.09,33,-1
2017-1-3,13:27:27,26.03,50,8107,130208,26.02,32,26.01,8,26.00,275,25.99,140,25.97,122,26.03,32,26.05,49,26.06,18,26.07,59,26.08,83,-1
2017-1-3,13:28:00,26.02,30,8137,78060,26.01,8,26.00,45,25.99,140,25.97,122,25.93,3,26.02,20,26.03,49,26.04,11,26.05,60,26.06,18,-1
2017-1-3,13:28:09,26.01,7,8144,18206,26.01,1,26.00,45,25.99,140,25.97,122,25.93,3,26.02,20,26.03,49,26.04,11,26.05,60,26.06,18,-1
2017-1-3,13:28:15,26.02,10,8154,26020,26.01,1,26.00,45,25.99,140,25.97,122,25.93,3,26.02,10,26.03,60,26.04,11,26.05,60,26.06,18,1
2017-1-3,13:28:24,26.00,25,8179,65002,26.00,21,25.99,140,25.97,7,25.93,3,25.90,10,26.02,10,26.03,58,26.04,11,26.05,60,26.06,18,-1
2017-1-3,13:28:36,26.02,20,8199,52040,26.02,25,26.01,1,26.00,21,25.99,140,25.97,7,26.03,58,26.04,11,26.05,53,26.06,18,26.07,59,1
2017-1-3,13:28:48,26.02,11,8210,28620,26.02,14,26.01,1,26.00,21,25.99,140,25.97,7,26.03,58,26.04,11,26.05,53,26.06,18,26.07,59,-1
2017-1-3,13:28:54,26.03,20,8230,52042,26.01,1,26.00,21,25.99,140,25.97,7,25.93,3,26.03,48,26.04,11,26.05,53,26.06,18,26.07,59,1
2017-1-3,13:29:06,26.01,1,8231,2602,26.00,3,25.99,140,25.97,7,25.93,3,25.90,10,26.01,28,26.03,58,26.04,11,26.05,53,26.06,28,-1
2017-1-3,13:29:15,26.01,28,8259,72828,26.02,2,26.00,3,25.99,140,25.97,7,25.93,3,26.03,58,26.04,11,26.05,53,26.06,28,26.07,59,1
2017-1-3,13:29:24,26.02,2,8261,5204,26.00,3,25.99,140,25.97,7,25.93,3,25.90,10,26.02,6,26.03,58,26.04,11,26.05,53,26.06,28,-1
2017-1-3,13:29:36,26.01,4,8265,10404,26.01,8,26.00,3,25.99,140,25.97,7,25.93,3,26.02,9,26.03,58,26.04,11,26.05,140,26.06,28,-1
2017-1-3,13:29:39,26.02,6,8271,15612,26.01,8,26.00,3,25.99,140,25.97,7,25.93,3,26.02,3,26.03,48,26.04,11,26.05,140,26.06,28,1
2017-1-3,13:29:48,26.01,2,8273,5204,26.01,6,26.00,3,25.99,140,25.97,7,25.93,3,26.02,14,26.03,48,26.04,11,26.05,140,26.06,28,-1
2017-1-3,13:29:54,26.01,1,8274,2600,26.01,5,26.00,3,25.99,140,25.97,7,25.93,3,26.02,14,26.03,48,26.04,11,26.05,140,26.06,28,-1
2017-1-3,13:30:03,26.01,10,8284,26016,26.00,3,25.99,140,25.97,7,25.93,3,25.90,10,26.01,4,26.03,48,26.04,11,26.05,140,26.06,28,-1
2017-1-3,13:30:12,26.01,1,8285,2600,26.00,3,25.99,140,25.97,7,25.93,3,25.90,10,26.01,6,26.02,15,26.03,48,26.04,11,26.05,140,1
2017-1-3,13:30:18,26.00,3,8288,7800,25.99,140,25.97,7,25.93,3,25.90,10,25.88,8,26.00,1,26.01,6,26.02,15,26.03,48,26.04,11,-1
2017-1-3,13:30:30,25.99,140,8428,363860,25.97,7,25.93,3,25.90,10,25.88,8,25.82,41,25.99,10,26.00,116,26.01,6,26.02,15,26.03,48,-1
2017-1-3,13:30:33,25.99,1,8429,2600,25.97,7,25.93,3,25.90,10,25.88,8,25.82,40,25.99,9,26.00,116,26.01,6,26.02,15,26.03,41,1
2017-1-3,13:30:57,25.99,15,8444,38966,25.93,3,25.90,5,25.88,8,25.85,4,25.82,40,25.99,53,26.00,111,26.01,6,26.03,10,26.04,11,1
2017-1-3,13:31:03,25.98,1,8445,2598,25.93,3,25.90,5,25.89,9,25.88,8,25.85,4,25.99,53,26.00,113,26.01,6,26.03,10,26.04,11,1
2017-1-3,13:31:33,25.98,5,8450,12990,25.98,3,25.93,3,25.90,5,25.89,9,25.88,8,25.99,76,26.00,113,26.01,37,26.03,10,26.04,11,-1
2017-1-3,13:31:45,25.89,14,8464,36290,25.89,6,25.88,8,25.85,29,25.84,25,25.83,25,25.99,76,26.00,120,26.01,37,26.03,10,26.04,11,-1
2017-1-3,13:31:51,25.89,2,8466,5178,25.89,4,25.88,8,25.85,29,25.84,25,25.83,25,25.99,76,26.00,120,26.01,37,26.03,10,26.04,11,-1
2017-1-3,13:33:42,25.97,7,8473,18178,25.92,8,25.90,41,25.89,11,25.88,8,25.86,50,25.97,43,25.98,42,25.99,33,26.00,158,26.01,57,1
2017-1-3,13:33:48,25.97,22,8495,57136,25.92,8,25.90,41,25.89,11,25.88,8,25.86,50,25.97,21,25.98,42,25.99,33,26.00,158,26.01,54,1
2017-1-3,13:34:06,25.97,21,8516,54536,25.97,85,25.92,8,25.90,29,25.89,11,25.88,8,25.98,42,25.99,33,26.00,158,26.01,54,26.04,10,1
2017-1-3,13:34:24,25.97,8,8524,20776,25.97,88,25.90,39,25.89,15,25.86,50,25.85,25,25.99,33,26.00,158,26.01,74,26.04,10,26.05,151,-1
2017-1-3,13:34:33,25.99,12,8536,31188,25.97,88,25.90,39,25.89,15,25.86,50,25.85,25,25.99,4,26.00,158,26.01,74,26.04,10,26.05,151,1
2017-1-3,13:34:36,25.97,50,8586,129850,25.97,38,25.90,39,25.89,15,25.86,50,25.85,25,25.99,4,26.00,158,26.01,74,26.04,10,26.05,151,-1
2017-1-3,13:34:54,25.99,8,8594,20792,25.97,38,25.90,10,25.89,15,25.86,50,25.85,25,25.99,36,26.00,158,26.01,74,26.04,10,26.05,151,1
2017-1-3,13:35:03,25.99,29,8623,75370,25.97,38,25.90,20,25.89,15,25.86,50,25.85,25,25.99,7,26.00,158,26.01,74,26.04,10,26.05,151,1
2017-1-3,13:35:06,25.99,7,8630,18194,25.99,4,25.97,48,25.90,20,25.89,15,25.86,50,26.00,158,26.01,74,26.04,10,26.05,151,26.06,28,1
2017-1-3,13:35:09,25.99,4,8634,10396,25.97,48,25.90,20,25.89,15,25.86,50,25.85,25,25.99,38,26.00,158,26.01,74,26.04,10,26.05,151,-1
2017-1-3,13:35:36,25.99,10,8644,25990,25.97,48,25.90,10,25.89,8,25.86,50,25.85,25,25.99,28,26.00,158,26.01,74,26.04,10,26.05,151,1
2017-1-3,13:35:45,25.99,10,8654,25990,25.97,60,25.90,10,25.89,8,25.86,50,25.85,25,25.99,18,26.00,158,26.01,74,26.04,10,26.05,151,1
2017-1-3,13:35:54,25.99,3,8657,7798,25.97,60,25.90,145,25.89,8,25.86,50,25.85,25,25.99,15,26.00,158,26.01,74,26.04,10,26.05,151,1
2017-1-3,13:36:06,25.99,1,8658,2598,25.97,60,25.90,145,25.89,8,25.87,1,25.86,50,25.99,23,26.00,158,26.01,74,26.04,10,26.05,151,1
2017-1-3,13:36:09,25.99,1,8659,2598,25.97,60,25.90,145,25.89,8,25.87,1,25.86,50,25.99,22,26.00,158,26.01,74,26.04,10,26.05,151,1
2017-1-3,13:36:36,25.99,14,8673,36388,25.98,12,25.97,48,25.90,145,25.89,8,25.87,1,25.99,18,26.00,178,26.01,43,26.04,10,26.05,151,1
2017-1-3,13:36:42,25.98,13,8686,33772,25.97,48,25.90,145,25.89,8,25.87,1,25.86,50,25.98,27,25.99,18,26.00,178,26.01,43,26.04,10,-1
2017-1-3,13:37:00,25.98,1,8687,2600,25.97,48,25.90,145,25.89,8,25.87,1,25.86,50,25.98,26,25.99,18,26.00,178,26.01,43,26.04,10,1
2017-1-3,13:37:03,25.97,48,8735,124656,25.90,145,25.89,8,25.87,1,25.86,50,25.85,25,25.97,14,25.98,26,25.99,10,26.00,178,26.01,43,-1
2017-1-3,13:37:21,25.96,8,8743,20768,25.90,145,25.89,8,25.87,1,25.86,50,25.85,25,25.96,2,25.97,14,25.98,26,25.99,10,26.00,178,-1
2017-1-3,13:37:57,25.91,5,8748,12954,25.91,54,25.90,10,25.89,8,25.87,1,25.86,50,25.96,2,25.97,14,25.98,20,25.99,10,26.00,178,-1
2017-1-3,13:38:24,25.91,9,8757,23318,25.91,49,25.90,10,25.89,8,25.87,1,25.86,50,25.96,2,25.97,12,25.98,20,25.99,10,26.00,178,-1
2017-1-3,13:38:36,25.91,2,8759,5184,25.91,48,25.90,10,25.89,8,25.87,1,25.86,50,25.96,2,25.97,12,25.98,20,25.99,10,26.00,178,-1
2017-1-3,13:39:24,25.96,1,8760,2596,25.92,5,25.91,48,25.90,10,25.89,8,25.88,1,25.96,49,25.97,12,25.98,20,25.99,15,26.00,182,1
2017-1-3,13:39:30,25.96,8,8768,20768,25.92,5,25.91,48,25.90,10,25.89,8,25.88,1,25.96,41,25.97,12,25.98,20,25.99,15,26.00,182,1
2017-1-3,13:39:36,25.92,2,8770,5184,25.92,3,25.91,48,25.90,10,25.89,8,25.88,1,25.96,41,25.97,12,25.98,20,25.99,15,26.00,182,-1
2017-1-3,13:40:09,25.91,12,8782,31098,25.91,46,25.90,10,25.89,8,25.88,1,25.87,1,25.96,41,25.98,20,25.99,15,26.00,182,26.01,43,-1
2017-1-3,13:40:39,25.92,10,8792,25920,25.91,46,25.90,15,25.89,8,25.88,1,25.87,1,25.96,41,25.98,20,25.99,16,26.00,182,26.01,43,1
2017-1-3,13:41:15,25.95,16,8808,41520,25.94,50,25.92,14,25.91,49,25.90,15,25.89,4,25.96,41,25.98,20,25.99,16,26.00,182,26.01,43,1
2017-1-3,13:41:45,25.94,15,8823,38910,25.94,35,25.92,14,25.91,50,25.90,15,25.87,1,25.95,19,25.96,51,25.98,20,25.99,16,26.00,182,-1
2017-1-3,13:42:27,25.94,15,8838,38910,25.94,20,25.92,14,25.91,50,25.90,15,25.87,1,25.95,7,25.96,101,25.98,20,25.99,16,26.00,182,-1
2017-1-3,13:42:30,25.94,20,8858,51880,25.92,14,25.91,50,25.90,15,25.87,1,25.85,135,25.94,15,25.95,7,25.96,101,25.98,20,25.99,16,-1
2017-1-3,13:42:36,25.94,15,8873,38910,25.92,14,25.91,50,25.90,15,25.87,1,25.85,135,25.95,7,25.96,101,25.98,20,25.99,16,26.00,182,1
2017-1-3,13:43:24,25.94,4,8877,10376,25.94,18,25.91,50,25.90,15,25.87,1,25.85,135,25.95,13,25.96,101,25.98,20,25.99,16,26.00,184,1
2017-1-3,13:43:39,25.95,1,8878,2596,25.94,18,25.91,50,25.90,15,25.87,1,25.85,135,25.95,12,25.96,101,25.98,20,25.99,16,26.00,184,1
2017-1-3,13:43:45,25.91,64,8942,165876,25.91,4,25.90,15,25.87,1,25.85,135,25.82,39,25.95,12,25.96,101,25.98,20,25.99,16,26.00,184,-1
2017-1-3,13:45:00,25.95,12,8954,31140,25.95,11,25.91,8,25.90,15,25.87,5,25.82,39,25.96,101,25.98,20,25.99,15,26.00,195,26.01,43,1
2017-1-3,13:45:12,25.95,3,8957,7786,25.95,8,25.91,8,25.90,15,25.87,5,25.82,39,25.96,101,25.98,20,25.99,15,26.00,195,26.01,43,-1
2017-1-3,13:45:15,25.96,38,8995,98648,25.95,8,25.91,8,25.90,15,25.87,5,25.82,39,25.96,63,25.98,20,25.99,15,26.00,195,26.01,43,1
2017-1-3,13:45:18,25.96,19,9014,49324,25.95,8,25.91,8,25.90,15,25.87,5,25.82,39,25.96,44,25.98,20,25.99,15,26.00,195,26.01,43,1
2017-1-3,13:45:30,25.95,2,9016,5190,25.95,6,25.91,8,25.90,15,25.87,5,25.82,39,25.96,44,25.98,20,25.99,19,26.00,195,26.01,43,-1
2017-1-3,13:45:54,25.96,1,9017,2596,25.95,6,25.91,8,25.90,15,25.87,5,25.82,39,25.96,48,25.98,20,25.99,19,26.00,195,26.01,43,1
2017-1-3,13:46:24,25.96,10,9027,25960,25.95,6,25.91,8,25.90,15,25.87,1,25.82,39,25.96,48,25.98,20,25.99,19,26.00,195,26.01,43,1
2017-1-3,13:46:33,25.96,15,9042,38940,25.95,6,25.91,8,25.90,15,25.87,1,25.82,39,25.96,33,25.98,20,25.99,19,26.00,195,26.01,43,1
2017-1-3,13:47:21,25.96,5,9047,12980,25.95,6,25.91,8,25.90,15,25.87,1,25.82,39,25.96,28,25.98,20,25.99,19,26.00,195,26.01,43,1
2017-1-3,13:47:30,25.95,6,9053,15570,25.91,8,25.90,15,25.87,1,25.82,39,25.81,15,25.95,7,25.96,28,25.98,20,25.99,19,26.00,195,-1
2017-1-3,13:47:36,25.95,2,9055,5190,25.91,8,25.90,15,25.87,1,25.82,39,25.81,15,25.95,5,25.96,28,25.98,20,25.99,19,26.00,195,1
2017-1-3,13:48:09,25.95,2,9057,5190,25.91,8,25.90,5,25.87,1,25.82,39,25.81,15,25.95,8,25.96,28,25.99,19,26.00,195,26.01,43,1
2017-1-3,13:49:21,25.91,1,9058,2590,25.91,7,25.90,5,25.87,1,25.83,50,25.82,39,25.95,13,25.96,28,25.99,56,26.00,190,26.01,43,-1
2017-1-3,13:50:51,25.92,3,9061,7776,25.92,3,25.91,19,25.90,5,25.87,1,25.83,50,25.95,30,25.96,28,25.99,56,26.00,190,26.01,43,-1
2017-1-3,13:50:54,25.92,3,9064,7776,25.91,19,25.90,5,25.87,1,25.83,50,25.82,39,25.95,30,25.96,28,25.99,56,26.00,190,26.01,43,-1
2017-1-3,13:51:42,25.95,10,9074,25952,25.95,11,25.94,10,25.92,5,25.91,19,25.90,7,25.96,18,25.99,56,26.00,190,26.01,43,26.03,13,1
2017-1-3,13:52:06,25.95,12,9086,31140,25.94,9,25.92,5,25.91,7,25.90,47,25.87,1,25.95,19,25.96,18,25.99,56,26.00,190,26.01,43,-1
2017-1-3,13:52:36,25.95,12,9098,31140,25.94,9,25.92,5,25.91,7,25.90,47,25.87,1,25.95,7,25.96,18,25.98,2,25.99,56,26.00,190,1
2017-1-3,13:52:57,25.94,9,9107,23344,25.92,5,25.91,7,25.90,47,25.87,1,25.83,50,25.95,21,25.96,18,25.98,2,25.99,56,26.00,190,-1
2017-1-3,13:53:27,25.92,5,9112,12960,25.91,11,25.90,47,25.87,1,25.83,50,25.82,39,25.92,15,25.95,21,25.96,18,25.98,2,25.99,56,-1
2017-1-3,13:53:48,25.92,15,9127,38880,25.92,8,25.91,11,25.90,47,25.87,1,25.82,39,25.95,21,25.96,18,25.98,2,25.99,56,26.00,190,1
2017-1-3,13:54:30,25.92,10,9137,25920,25.92,10,25.91,11,25.90,47,25.87,1,25.82,39,25.95,31,25.96,18,25.98,2,25.99,56,26.00,190,-1
2017-1-3,13:54:54,25.92,7,9144,18144,25.92,11,25.91,11,25.90,47,25.87,1,25.82,39,25.95,34,25.96,18,25.98,2,25.99,56,26.00,190,-1
2017-1-3,13:55:21,25.92,5,9149,12960,25.92,6,25.91,11,25.90,47,25.87,1,25.82,39,25.95,34,25.96,18,25.98,2,25.99,56,26.00,191,-1
2017-1-3,13:55:24,25.90,64,9213,165784,25.87,1,25.82,39,25.81,18,25.80,87,25.79,122,25.90,27,25.95,34,25.96,18,25.98,2,25.99,56,-1
2017-1-3,13:56:30,25.90,30,9243,77700,25.87,11,25.82,43,25.81,23,25.80,87,25.79,122,25.90,5,25.95,34,25.96,18,25.98,2,25.99,56,1
2017-1-3,13:57:48,25.90,10,9253,25900,25.87,11,25.82,43,25.81,23,25.80,87,25.79,122,25.90,15,25.92,3,25.95,34,25.96,18,25.98,2,1
2017-1-3,13:58:39,25.90,11,9264,28490,25.87,11,25.82,43,25.81,23,25.80,87,25.79,122,25.90,4,25.92,3,25.95,34,25.96,18,25.98,2,1
2017-1-3,13:58:45,25.90,4,9268,10360,25.90,1,25.87,11,25.82,43,25.81,23,25.80,87,25.92,3,25.95,34,25.96,18,25.98,2,25.99,56,1
2017-1-3,14:00:36,25.92,8,9276,20736,25.92,5,25.90,25,25.87,11,25.85,5,25.82,43,25.95,34,25.96,18,25.98,2,25.99,56,26.00,197,1
2017-1-3,14:02:15,25.93,1,9277,2594,25.93,9,25.92,5,25.90,25,25.87,11,25.85,5,25.95,38,25.96,18,25.98,2,25.99,56,26.00,247,-1
2017-1-3,14:02:24,25.93,2,9279,5184,25.93,7,25.92,5,25.90,25,25.87,11,25.85,5,25.95,38,25.96,18,25.98,2,25.99,56,26.00,247,-1
2017-1-3,14:02:27,25.95,10,9289,25952,25.93,7,25.92,5,25.90,25,25.87,11,25.85,5,25.95,28,25.96,18,25.98,2,25.99,56,26.00,247,1
2017-1-3,14:04:15,25.93,10,9299,25928,25.93,7,25.92,5,25.90,25,25.87,11,25.85,5,25.95,48,25.96,18,25.98,2,25.99,59,26.00,292,-1
2017-1-3,14:04:30,25.93,5,9304,12966,25.93,2,25.92,5,25.90,25,25.87,11,25.85,5,25.95,48,25.96,18,25.98,2,25.99,59,26.00,292,-1
2017-1-3,14:04:39,25.92,5,9309,12966,25.92,3,25.90,25,25.87,11,25.85,5,25.82,43,25.93,8,25.95,47,25.96,18,25.98,2,25.99,59,-1
2017-1-3,14:06:15,25.93,2,9311,5184,25.92,3,25.90,25,25.87,11,25.85,5,25.82,43,25.93,11,25.95,50,25.96,18,25.98,4,25.99,59,1
2017-1-3,14:06:18,25.92,3,9314,7776,25.90,25,25.87,11,25.85,5,25.82,43,25.81,23,25.92,2,25.93,11,25.95,50,25.96,18,25.98,4,-1
2017-1-3,14:06:45,25.90,4,9318,10360,25.90,21,25.87,11,25.85,5,25.82,43,25.81,23,25.92,2,25.93,11,25.95,40,25.96,18,25.98,4,-1
2017-1-3,14:07:51,25.90,10,9328,25900,25.90,11,25.87,11,25.85,5,25.82,43,25.81,23,25.92,2,25.93,5,25.95,40,25.96,18,25.98,4,-1
2017-1-3,14:07:57,25.90,1,9329,2592,25.90,10,25.87,11,25.85,5,25.82,43,25.81,23,25.92,2,25.93,5,25.95,40,25.96,18,25.98,4,-1
2017-1-3,14:08:48,25.92,1,9330,2592,25.90,31,25.87,11,25.85,5,25.82,43,25.81,23,25.92,1,25.93,5,25.95,45,25.96,18,25.98,4,1
2017-1-3,14:08:51,25.90,2,9332,5180,25.90,29,25.87,11,25.85,5,25.82,43,25.81,23,25.92,1,25.93,5,25.95,45,25.96,18,25.98,4,-1
2017-1-3,14:09:09,25.92,1,9333,2592,25.90,29,25.87,11,25.85,5,25.82,43,25.81,23,25.93,5,25.95,45,25.96,18,25.98,4,25.99,59,1
2017-1-3,14:09:39,25.90,8,9341,20720,25.90,10,25.87,11,25.85,5,25.82,43,25.81,23,25.93,5,25.95,45,25.96,18,25.98,4,25.99,59,-1
2017-1-3,14:09:42,25.95,11,9352,28534,25.90,10,25.87,11,25.85,5,25.82,43,25.81,23,25.95,39,25.96,18,25.98,4,25.99,59,26.00,260,1
2017-1-3,14:10:09,25.90,4,9356,10360,25.87,11,25.85,5,25.82,43,25.81,18,25.80,87,25.90,1,25.95,44,25.96,18,25.98,4,25.99,59,-1
2017-1-3,14:10:42,25.87,11,9367,28458,25.85,5,25.82,43,25.81,18,25.80,87,25.79,122,25.90,1,25.94,5,25.95,144,25.96,18,25.98,4,-1
2017-1-3,14:11:24,25.85,10,9377,25854,25.82,43,25.81,18,25.80,89,25.79,122,25.78,73,25.90,1,25.94,5,25.95,144,25.96,13,25.98,4,-1
2017-1-3,14:12:48,25.90,11,9388,28490,25.90,8,25.85,68,25.84,13,25.83,3,25.82,43,25.94,5,25.95,151,25.96,13,25.98,4,25.99,49,1
2017-1-3,14:13:45,25.90,3,9391,7770,25.90,5,25.86,10,25.85,70,25.84,13,25.83,3,25.94,7,25.95,151,25.96,13,25.98,4,25.99,49,-1
2017-1-3,14:14:21,25.90,7,9398,18130,25.86,10,25.85,70,25.84,13,25.83,3,25.82,43,25.90,93,25.94,7,25.95,51,25.96,13,25.98,4,-1
2017-1-3,14:14:48,25.90,30,9428,77700,25.86,16,25.85,66,25.84,13,25.83,3,25.82,43,25.90,71,25.94,27,25.95,51,25.96,13,25.98,4,1
2017-1-3,14:15:03,25.90,40,9468,103600,25.86,16,25.85,66,25.84,13,25.83,3,25.82,43,25.90,31,25.94,7,25.95,51,25.96,13,25.98,4,1
2017-1-3,14:15:33,25.90,2,9470,5180,25.86,16,25.85,66,25.84,13,25.83,3,25.82,43,25.90,29,25.94,7,25.95,51,25.96,13,25.98,4,1
2017-1-3,14:16:36,25.89,10,9480,25890,25.86,6,25.85,73,25.84,13,25.83,5,25.82,43,25.90,36,25.91,10,25.94,9,25.95,51,25.96,13,1
2017-1-3,14:17:27,25.86,16,9496,41376,25.85,73,25.84,13,25.83,5,25.82,43,25.81,38,25.86,162,25.90,36,25.91,10,25.94,9,25.95,51,-1
2017-1-3,14:17:39,25.85,6,9502,15510,25.85,67,25.84,13,25.83,5,25.82,43,25.81,38,25.86,162,25.90,36,25.91,10,25.94,9,25.95,51,-1
2017-1-3,14:18:03,25.85,85,9587,219724,25.84,13,25.83,5,25.82,43,25.81,38,25.80,203,25.85,77,25.90,36,25.91,14,25.94,9,25.95,51,-1
2017-1-3,14:18:12,25.85,77,9664,199046,25.85,85,25.84,13,25.83,5,25.82,43,25.81,38,25.90,36,25.91,14,25.94,9,25.95,51,25.96,13,1
2017-1-3,14:18:24,25.90,1,9665,2590,25.85,85,25.84,13,25.83,5,25.82,43,25.81,38,25.90,55,25.91,14,25.94,9,25.95,51,25.96,13,1
2017-1-3,14:20:18,25.89,10,9675,25890,25.84,13,25.83,5,25.82,43,25.81,38,25.80,144,25.89,5,25.90,48,25.91,13,25.94,9,25.95,49,1
2017-1-3,14:22:00,25.88,1,9676,2588,25.86,5,25.85,2,25.84,13,25.83,5,25.82,43,25.89,10,25.90,47,25.91,13,25.94,9,25.95,49,1
2017-1-3,14:23:15,25.86,1,9677,2586,25.86,4,25.85,2,25.84,13,25.83,5,25.82,43,25.88,2,25.89,5,25.90,47,25.91,13,25.94,9,-1
2017-1-3,14:23:39,25.86,6,9683,15520,25.85,2,25.84,13,25.83,5,25.82,43,25.81,58,25.86,1,25.89,5,25.90,47,25.91,13,25.94,9,-1
2017-1-3,14:23:51,25.86,1,9684,2586,25.85,2,25.84,13,25.83,5,25.82,43,25.81,58,25.89,5,25.90,47,25.91,13,25.94,9,25.95,49,1
2017-1-3,14:24:09,25.88,30,9714,77640,25.85,4,25.84,13,25.83,5,25.82,43,25.81,58,25.89,5,25.90,47,25.91,13,25.94,9,25.95,49,1
2017-1-3,14:24:33,25.85,4,9718,10340,25.84,13,25.83,5,25.82,43,25.81,58,25.80,160,25.85,10,25.89,5,25.90,47,25.91,13,25.94,9,-1
2017-1-3,14:24:51,25.85,10,9728,25850,25.85,9,25.84,13,25.83,35,25.82,43,25.81,58,25.89,5,25.90,47,25.91,13,25.94,9,25.95,49,1
2017-1-3,14:25:00,25.90,41,9769,106184,25.85,9,25.84,13,25.83,35,25.82,43,25.81,58,25.90,11,25.91,13,25.94,9,25.95,49,25.96,13,1
2017-1-3,14:26:09,25.85,4,9773,10340,25.85,5,25.83,35,25.82,43,25.81,63,25.80,150,25.90,8,25.91,13,25.94,9,25.95,49,25.96,13,-1
2017-1-3,14:26:33,25.90,8,9781,20720,25.85,5,25.83,35,25.82,43,25.81,63,25.80,150,25.90,5,25.91,13,25.94,9,25.95,49,25.96,13,1
2017-1-3,14:26:39,25.90,1,9782,2592,25.85,5,25.83,35,25.82,43,25.81,63,25.80,150,25.90,4,25.91,13,25.94,9,25.95,49,25.96,13,1
2017-1-3,14:26:42,25.85,5,9787,12924,25.83,35,25.82,43,25.81,63,25.80,150,25.79,32,25.85,2,25.90,4,25.91,13,25.94,9,25.95,49,-1
2017-1-3,14:26:45,25.85,1,9788,2584,25.83,35,25.82,43,25.81,63,25.80,150,25.79,32,25.85,1,25.90,4,25.91,13,25.94,9,25.95,49,1
2017-1-3,14:26:48,25.85,1,9789,2586,25.85,47,25.83,35,25.82,43,25.81,63,25.80,150,25.90,4,25.91,13,25.94,9,25.95,49,25.96,13,1
2017-1-3,14:27:00,25.91,13,9802,33678,25.85,47,25.83,45,25.82,43,25.81,63,25.80,150,25.91,4,25.94,9,25.95,49,25.96,13,25.98,4,1
2017-1-3,14:27:18,25.90,20,9822,51800,25.85,47,25.83,45,25.82,43,25.81,63,25.80,150,25.91,4,25.94,9,25.95,59,25.96,13,25.98,4,1
2017-1-3,14:27:21,25.91,4,9826,10364,25.91,7,25.85,47,25.83,45,25.82,43,25.81,63,25.94,9,25.95,59,25.96,13,25.98,4,25.99,12,1
2017-1-3,14:27:33,25.95,68,9894,176452,25.91,7,25.85,47,25.83,45,25.82,43,25.81,63,25.96,13,25.98,4,25.99,12,26.00,297,26.01,43,1
2017-1-3,14:27:57,25.96,13,9907,33748,25.96,7,25.91,7,25.83,45,25.82,43,25.81,63,25.98,4,25.99,12,26.00,297,26.01,43,26.02,31,1
2017-1-3,14:28:15,26.00,300,10207,779984,25.96,7,25.83,45,25.82,43,25.81,63,25.80,150,26.01,43,26.02,31,26.03,10,26.04,10,26.05,51,1
2017-1-3,14:28:24,25.98,100,10307,259800,25.98,32,25.96,11,25.84,50,25.83,45,25.82,43,26.01,43,26.02,31,26.03,10,26.04,10,26.05,51,1
2017-1-3,14:28:30,26.01,43,10350,111842,26.01,7,25.98,132,25.96,11,25.84,60,25.83,45,26.02,31,26.03,10,26.04,10,26.05,51,26.06,19,1
2017-1-3,14:28:33,26.01,2,10352,5202,26.01,6,25.98,132,25.96,11,25.84,60,25.83,45,26.02,30,26.03,10,26.04,10,26.05,51,26.06,19,-1
2017-1-3,14:28:36,26.01,2,10354,5204,26.01,4,25.98,132,25.96,11,25.84,60,25.83,45,26.02,30,26.03,10,26.04,10,26.05,51,26.06,19,-1
2017-1-3,14:28:42,26.01,11,10365,28610,25.98,132,25.96,11,25.95,4,25.84,50,25.83,45,26.02,30,26.03,10,26.04,10,26.05,51,26.06,19,-1
2017-1-3,14:29:09,25.98,32,10397,83136,25.96,4,25.95,4,25.85,10,25.84,50,25.83,35,25.98,18,26.00,50,26.01,26,26.02,28,26.03,10,-1
2017-1-3,14:29:39,25.98,42,10439,109116,25.98,28,25.96,4,25.95,4,25.85,22,25.84,50,26.00,152,26.01,35,26.02,31,26.03,10,26.04,16,1
2017-1-3,14:29:45,25.98,20,10459,51960,25.98,8,25.96,4,25.95,4,25.85,158,25.84,50,26.00,154,26.01,35,26.02,31,26.03,10,26.04,16,-1
2017-1-3,14:29:48,25.98,8,10467,20784,25.96,4,25.95,4,25.85,158,25.84,50,25.83,35,25.98,13,26.00,154,26.01,35,26.02,31,26.03,10,-1
2017-1-3,14:29:51,26.00,150,10617,389974,25.96,4,25.95,4,25.86,50,25.85,158,25.84,50,26.00,17,26.01,35,26.02,31,26.03,10,26.04,16,1
2017-1-3,14:30:18,26.00,100,10717,259960,25.96,4,25.95,4,25.87,10,25.86,98,25.85,148,26.00,78,26.01,35,26.02,31,26.03,10,26.04,16,1
2017-1-3,14:30:27,26.00,78,10795,202800,25.96,9,25.95,4,25.87,10,25.86,98,25.85,148,26.00,28,26.01,34,26.02,31,26.03,10,26.04,16,1
2017-1-3,14:30:48,26.00,40,10835,103998,25.96,5,25.95,4,25.87,10,25.86,98,25.85,148,26.00,6,26.01,34,26.02,51,26.03,10,26.04,16,1
2017-1-3,14:31:00,25.99,50,10885,129950,25.99,20,25.96,5,25.95,4,25.87,50,25.86,98,26.00,13,26.01,34,26.02,51,26.03,10,26.04,16,1
2017-1-3,14:31:03,25.99,20,10905,51980,25.96,5,25.95,4,25.87,50,25.86,98,25.85,148,25.99,28,26.00,13,26.01,34,26.02,51,26.03,10,-1
2017-1-3,14:31:09,25.99,10,10915,25990,25.96,5,25.95,4,25.87,50,25.86,98,25.85,148,26.00,13,26.01,34,26.02,51,26.03,10,26.04,16,-1
2017-1-3,14:31:12,26.00,11,10926,28598,25.96,5,25.95,4,25.87,50,25.86,98,25.85,148,26.00,13,26.01,34,26.02,51,26.03,10,26.04,16,1
2017-1-3,14:31:21,25.96,4,10930,10384,25.96,1,25.95,4,25.87,50,25.86,98,25.85,148,26.00,31,26.01,34,26.02,51,26.03,10,26.04,16,-1
2017-1-3,14:31:27,25.96,1,10931,2596,25.95,4,25.87,50,25.86,98,25.85,148,25.83,32,25.96,5,26.00,41,26.01,34,26.02,51,26.03,10,-1
2017-1-3,14:31:30,26.00,30,10961,77980,25.95,4,25.87,50,25.86,98,25.85,148,25.83,32,26.00,16,26.01,34,26.02,51,26.03,10,26.04,16,1
2017-1-3,14:32:03,26.00,10,10971,26000,25.95,38,25.87,50,25.86,98,25.85,148,25.83,32,26.00,6,26.01,5,26.02,51,26.03,10,26.04,16,1
2017-1-3,14:32:39,25.99,1,10972,2600,25.99,4,25.95,12,25.87,50,25.86,98,25.85,148,26.00,52,26.01,5,26.02,51,26.03,10,26.04,16,1
2017-1-3,14:32:45,25.99,4,10976,10396,25.95,12,25.87,50,25.86,98,25.85,148,25.83,32,25.99,3,26.00,52,26.01,5,26.02,51,26.03,10,-1
2017-1-3,14:32:48,26.00,52,11028,135196,25.95,12,25.87,50,25.86,98,25.85,148,25.83,32,26.00,3,26.01,5,26.02,51,26.03,10,26.04,16,1
2017-1-3,14:33:00,26.00,29,11057,75400,26.00,21,25.99,1,25.95,12,25.87,50,25.86,98,26.01,5,26.02,51,26.03,10,26.04,16,26.05,30,1
2017-1-3,14:33:03,26.00,21,11078,54600,25.99,1,25.95,12,25.87,50,25.86,98,25.85,148,26.00,103,26.01,5,26.02,51,26.03,10,26.04,16,-1
2017-1-3,14:33:06,25.99,1,11079,2600,25.95,12,25.87,50,25.86,98,25.85,148,25.83,32,25.99,28,26.00,103,26.01,5,26.02,51,26.03,10,-1
2017-1-3,14:33:09,26.00,102,11181,265172,25.95,12,25.87,50,25.86,98,25.85,148,25.83,32,26.00,29,26.01,5,26.02,51,26.03,10,26.04,16,1
2017-1-3,14:33:21,26.00,29,11210,75842,26.00,20,25.95,12,25.87,50,25.85,148,25.83,32,26.01,5,26.02,51,26.03,10,26.04,16,26.05,30,1
2017-1-3,14:33:30,26.02,56,11266,145706,26.00,20,25.95,12,25.87,50,25.85,148,25.83,32,26.03,10,26.04,16,26.05,30,26.06,29,26.07,59,1
2017-1-3,14:33:33,26.00,21,11287,54160,25.95,12,25.87,50,25.86,48,25.85,148,25.83,32,26.00,29,26.03,10,26.04,16,26.05,30,26.06,29,-1
2017-1-3,14:33:45,26.00,36,11323,94040,26.00,13,25.95,12,25.87,50,25.86,48,25.85,148,26.03,10,26.04,16,26.05,30,26.06,29,26.07,59,1
2017-1-3,14:33:48,26.00,6,11329,15600,26.00,7,25.95,12,25.87,50,25.86,48,25.85,148,26.03,10,26.04,16,26.05,30,26.06,29,26.07,59,-1
2017-1-3,14:34:33,26.00,5,11334,13000,26.00,2,25.98,9,25.96,33,25.95,12,25.87,50,26.03,10,26.04,16,26.05,30,26.06,34,26.07,69,-1
2017-1-3,14:34:42,26.00,3,11337,7360,25.98,9,25.96,33,25.95,12,25.87,40,25.86,48,26.00,29,26.03,22,26.04,16,26.05,30,26.06,34,-1
2017-1-3,14:34:48,26.00,19,11356,49400,25.98,9,25.96,33,25.95,12,25.87,40,25.86,48,26.00,10,26.03,22,26.04,16,26.05,30,26.06,34,1
2017-1-3,14:34:57,26.00,11,11367,28600,25.96,33,25.95,12,25.87,40,25.86,48,25.85,136,26.00,19,26.03,22,26.04,16,26.05,30,26.06,34,1
2017-1-3,14:35:09,26.00,2,11369,5200,25.96,33,25.95,12,25.87,40,25.86,48,25.85,136,26.00,17,26.03,22,26.04,16,26.05,30,26.06,34,1
2017-1-3,14:35:18,25.96,33,11402,85668,25.95,12,25.87,40,25.86,48,25.85,136,25.83,2,25.96,17,26.00,70,26.03,22,26.04,16,26.05,30,-1
2017-1-3,14:35:24,25.96,2,11404,5192,25.95,12,25.87,40,25.86,48,25.85,136,25.83,2,25.96,15,26.00,120,26.03,22,26.04,16,26.05,30,1
2017-1-3,14:35:33,26.00,120,11524,311940,25.95,12,25.87,40,25.86,48,25.85,136,25.83,2,26.00,15,26.03,22,26.04,16,26.05,30,26.06,34,1
2017-1-3,14:35:39,26.10,367,11891,956748,25.95,808,25.90,10,25.87,40,25.86,48,25.85,136,26.10,292,26.13,17,26.15,43,26.16,13,26.17,1,1
2017-1-3,14:35:51,26.00,3,11894,7800,26.00,45,25.98,179,25.97,50,25.96,48,25.95,808,26.09,50,26.10,292,26.13,17,26.15,43,26.16,13,1
2017-1-3,14:35:54,26.10,300,12194,782952,26.01,20,26.00,45,25.98,179,25.97,50,25.96,48,26.10,42,26.13,17,26.15,43,26.16,13,26.17,1,1
2017-1-3,14:35:57,26.10,4,12198,10438,26.02,50,26.01,20,26.00,45,25.98,129,25.97,50,26.10,40,26.13,17,26.15,43,26.16,13,26.17,1,1
2017-1-3,14:36:03,26.10,60,12258,156882,26.10,38,26.02,78,26.01,70,26.00,45,25.98,81,26.13,17,26.15,43,26.16,13,26.17,1,26.18,39,1
2017-1-3,14:36:09,26.13,5,12263,13066,26.10,38,26.01,20,26.00,538,25.98,81,25.97,20,26.13,12,26.15,43,26.16,13,26.17,1,26.18,39,1
2017-1-3,14:36:12,26.13,2,12265,5226,26.10,38,26.01,20,26.00,538,25.98,81,25.97,20,26.13,10,26.14,2,26.15,43,26.16,13,26.17,1,1
2017-1-3,14:36:15,26.10,20,12285,52200,26.10,18,26.01,20,26.00,45,25.98,81,25.97,20,26.13,10,26.14,2,26.15,43,26.16,13,26.17,1,-1
2017-1-3,14:36:18,26.10,19,12304,49148,26.01,55,26.00,45,25.98,81,25.97,20,25.96,48,26.10,31,26.13,15,26.14,2,26.15,43,26.16,13,-1
2017-1-3,14:36:48,26.10,150,12454,391480,26.01,12,26.00,55,25.98,81,25.96,48,25.95,12,26.09,9,26.10,243,26.13,15,26.14,4,26.15,44,1
2017-1-3,14:37:00,26.10,253,12707,660764,26.10,46,26.01,12,26.00,10,25.98,81,25.95,12,26.13,15,26.14,4,26.15,44,26.16,13,26.17,6,1
2017-1-3,14:37:03,26.10,1,12708,2608,26.10,45,26.01,12,26.00,10,25.98,81,25.95,12,26.13,15,26.14,4,26.15,44,26.16,13,26.17,6,-1
2017-1-3,14:37:09,26.10,46,12754,119618,26.02,21,26.01,12,26.00,10,25.98,81,25.95,12,26.10,44,26.13,15,26.14,4,26.15,44,26.16,13,-1
2017-1-3,14:37:12,26.02,1,12755,2602,26.02,20,26.01,12,26.00,10,25.98,81,25.95,12,26.10,67,26.13,25,26.14,4,26.15,44,26.16,13,-1
2017-1-3,14:37:24,26.10,86,12841,224904,26.10,33,26.02,31,26.01,1,26.00,10,25.98,81,26.13,25,26.14,4,26.15,44,26.16,13,26.17,16,1
2017-1-3,14:37:39,26.10,7,12848,18268,26.10,26,26.03,20,26.02,31,26.01,1,26.00,10,26.13,31,26.14,4,26.15,44,26.16,23,26.17,16,-1
2017-1-3,14:37:45,26.10,27,12875,70028,26.03,20,26.02,20,26.01,1,26.00,10,25.98,81,26.10,13,26.13,31,26.14,4,26.15,44,26.16,23,-1
2017-1-3,14:38:00,26.08,2,12877,5216,26.04,11,26.03,30,26.02,33,26.01,1,26.00,10,26.08,18,26.10,93,26.13,31,26.14,4,26.15,44,1
2017-1-3,14:38:03,26.04,1,12878,2604,26.04,10,26.03,30,26.02,33,26.01,1,26.00,10,26.08,18,26.10,93,26.13,31,26.14,4,26.15,44,-1
2017-1-3,14:38:06,26.08,11,12889,28688,26.04,10,26.03,30,26.02,33,26.01,1,26.00,10,26.08,7,26.10,93,26.13,31,26.14,4,26.15,44,1
2017-1-3,14:38:09,26.08,7,12896,18256,26.08,1,26.04,10,26.03,30,26.02,33,26.01,1,26.10,93,26.13,31,26.14,4,26.15,44,26.16,23,1
2017-1-3,14:38:12,26.08,1,12897,2608,26.04,10,26.03,30,26.02,33,26.01,1,26.00,10,26.07,3,26.10,93,26.13,31,26.14,4,26.15,44,-1
2017-1-3,14:38:42,26.04,8,12905,20836,26.04,5,26.02,33,26.01,279,26.00,110,25.98,81,26.07,3,26.10,89,26.13,41,26.14,14,26.15,44,-1
2017-1-3,14:38:54,26.04,20,12925,52080,26.04,2,26.02,33,26.01,279,26.00,110,25.98,81,26.07,3,26.10,89,26.13,41,26.14,14,26.15,44,-1
2017-1-3,14:39:03,26.04,2,12927,5208,26.02,33,26.01,279,26.00,110,25.98,81,25.96,37,26.04,3,26.07,3,26.10,93,26.13,41,26.14,14,-1
2017-1-3,14:39:27,26.02,10,12937,26020,26.02,50,26.01,279,26.00,110,25.98,81,25.96,37,26.04,4,26.07,3,26.10,115,26.13,41,26.14,14,-1
2017-1-3,14:39:36,26.04,4,12941,10416,26.04,1,26.02,50,26.01,279,26.00,110,25.98,81,26.07,3,26.10,120,26.13,41,26.14,14,26.15,44,1
2017-1-3,14:39:51,26.04,1,12942,2604,26.02,50,26.01,279,26.00,100,25.98,81,25.96,37,26.04,19,26.07,3,26.10,150,26.13,41,26.14,14,-1
2017-1-3,14:40:27,26.02,1,12943,2600,26.02,49,26.01,279,26.00,100,25.98,81,25.96,37,26.04,29,26.07,3,26.10,156,26.11,33,26.13,41,-1
2017-1-3,14:40:36,26.02,10,12953,26020,26.02,39,26.01,279,26.00,100,25.98,81,25.96,37,26.04,29,26.07,3,26.10,166,26.11,33,26.13,41,-1
2017-1-3,14:40:39,26.04,6,12959,15624,26.02,39,26.01,279,26.00,100,25.98,81,25.96,37,26.04,23,26.07,3,26.10,166,26.11,33,26.13,41,1
2017-1-3,14:40:51,26.04,1,12960,2604,26.03,62,26.02,57,26.01,279,26.00,100,25.98,81,26.04,22,26.07,3,26.10,166,26.11,33,26.13,41,1
2017-1-3,14:40:54,26.03,1,12961,2604,26.03,61,26.02,57,26.01,279,26.00,100,25.98,81,26.04,22,26.07,3,26.10,166,26.11,33,26.13,41,-1
2017-1-3,14:40:57,26.04,6,12967,15624,26.03,61,26.02,57,26.01,279,26.00,100,25.98,81,26.04,16,26.07,3,26.10,166,26.11,33,26.13,41,1
2017-1-3,14:41:00,26.02,138,13105,359176,26.01,279,26.00,100,25.98,81,25.96,37,25.95,12,26.02,143,26.03,35,26.07,3,26.10,166,26.11,33,-1
2017-1-3,14:41:03,26.02,7,13112,18216,26.01,279,26.00,100,25.98,81,25.96,37,25.95,12,26.02,136,26.03,35,26.07,3,26.10,166,26.11,33,1
2017-1-3,14:41:06,26.02,9,13121,23416,26.01,279,26.00,100,25.98,81,25.96,37,25.95,12,26.02,127,26.03,35,26.07,3,26.10,146,26.11,33,1
2017-1-3,14:41:12,26.02,129,13250,335656,26.02,3,26.01,277,26.00,100,25.98,81,25.96,37,26.03,35,26.07,3,26.10,146,26.11,33,26.13,41,-1
2017-1-3,14:41:15,26.01,20,13270,52024,26.01,260,26.00,100,25.98,81,25.96,37,25.95,12,26.03,35,26.07,3,26.08,226,26.10,146,26.11,33,-1
2017-1-3,14:41:39,26.01,5,13275,13004,26.01,255,26.00,100,25.98,81,25.96,37,25.95,12,26.03,35,26.07,15,26.08,226,26.10,150,26.11,33,-1
2017-1-3,14:41:45,26.03,11,13286,28636,26.01,260,26.00,100,25.98,81,25.96,37,25.95,12,26.03,24,26.06,3,26.07,15,26.08,226,26.10,150,1
2017-1-3,14:41:48,26.01,40,13326,104040,26.01,220,26.00,100,25.98,81,25.96,37,25.95,12,26.03,24,26.06,3,26.07,15,26.08,226,26.10,150,-1
2017-1-3,14:41:54,26.03,24,13350,62472,26.03,4,26.01,220,26.00,100,25.98,81,25.96,37,26.06,3,26.07,15,26.08,226,26.10,150,26.11,33,1
2017-1-3,14:41:57,26.01,5,13355,13012,26.01,219,26.00,100,25.98,81,25.96,37,25.95,12,26.06,3,26.07,15,26.08,226,26.10,150,26.11,33,-1
2017-1-3,14:42:12,26.01,2,13357,5204,26.02,39,26.01,218,26.00,100,25.98,81,25.96,37,26.06,3,26.07,15,26.08,226,26.10,150,26.11,33,-1
2017-1-3,14:42:27,26.02,2,13359,5204,26.02,37,26.01,218,26.00,100,25.98,81,25.96,37,26.06,3,26.07,19,26.08,226,26.10,151,26.11,33,-1
2017-1-3,14:42:36,26.02,20,13379,52040,26.02,17,26.01,218,26.00,100,25.98,81,25.96,37,26.06,18,26.07,19,26.08,226,26.10,151,26.11,33,-1
2017-1-3,14:42:45,26.02,17,13396,44232,26.01,218,26.00,100,25.98,81,25.96,37,25.95,12,26.02,91,26.06,18,26.07,19,26.08,226,26.10,151,-1
2017-1-3,14:42:48,26.02,10,13406,26020,26.01,218,26.00,100,25.98,81,25.96,37,25.95,12,26.02,81,26.06,11,26.07,19,26.08,226,26.10,151,1
2017-1-3,14:42:57,26.02,82,13488,213104,26.02,18,26.01,218,26.00,100,25.98,81,25.96,37,26.06,11,26.07,19,26.08,226,26.10,151,26.11,33,1
2017-1-3,14:43:18,26.02,2,13490,5204,26.02,29,26.01,218,26.00,100,25.98,81,25.96,37,26.06,29,26.07,19,26.08,226,26.10,151,26.11,33,-1
2017-1-3,14:43:27,26.06,2,13492,5212,26.03,26,26.02,29,26.01,218,26.00,100,25.98,81,26.06,27,26.07,19,26.08,226,26.10,151,26.11,33,1
2017-1-3,14:43:39,26.03,5,13497,13016,26.02,57,26.01,218,26.00,100,25.98,81,25.96,37,26.06,57,26.07,19,26.08,226,26.10,151,26.11,33,-1
2017-1-3,14:43:42,26.06,10,13507,26060,26.02,57,26.01,218,26.00,100,25.98,81,25.96,37,26.06,54,26.07,19,26.08,226,26.10,151,26.11,33,1
2017-1-3,14:43:51,26.06,2,13509,5212,26.02,57,26.01,218,26.00,100,25.98,81,25.96,37,26.06,52,26.07,25,26.08,226,26.10,151,26.11,33,1
2017-1-3,14:43:54,26.06,21,13530,54724,26.02,57,26.01,218,26.00,100,25.98,81,25.96,37,26.06,31,26.07,25,26.08,228,26.10,151,26.11,33,1
2017-1-3,14:44:12,26.02,20,13550,52040,26.02,6,26.01,218,26.00,100,25.98,81,25.96,37,26.05,8,26.06,31,26.07,25,26.08,239,26.10,131,-1
2017-1-3,14:44:24,26.05,2,13552,5212,26.02,6,26.01,218,26.00,100,25.98,81,25.96,37,26.05,6,26.06,31,26.07,25,26.08,239,26.10,131,1
2017-1-3,14:44:30,26.05,6,13558,15628,26.05,2,26.02,6,26.01,218,26.00,100,25.98,81,26.06,31,26.07,25,26.08,239,26.10,131,26.11,33,1
2017-1-3,14:44:51,26.05,2,13560,5212,26.02,6,26.01,218,26.00,100,25.98,81,25.96,37,26.05,2,26.06,33,26.07,26,26.08,239,26.10,133,-1
2017-1-3,14:44:54,26.07,58,13618,151168,26.02,6,26.01,218,26.00,100,25.98,81,25.96,37,26.07,3,26.08,239,26.10,133,26.11,33,26.12,1,1
2017-1-3,14:45:06,26.02,6,13624,15872,26.01,218,26.00,100,25.98,81,25.96,37,25.95,12,26.02,46,26.06,79,26.07,3,26.08,239,26.10,133,-1
2017-1-3,14:45:09,26.02,15,13639,39032,26.01,218,26.00,100,25.98,81,25.96,37,25.95,12,26.02,31,26.06,79,26.07,3,26.08,239,26.10,133,1
2017-1-3,14:45:18,26.02,40,13679,104080,26.01,218,26.00,100,25.98,81,25.96,37,25.95,12,26.02,1,26.06,79,26.07,4,26.08,239,26.10,133,1
2017-1-3,14:45:27,26.06,81,13760,210816,26.06,0,26.01,218,26.00,100,25.98,81,25.96,37,26.07,4,26.08,239,26.10,133,26.11,33,26.13,50,1
2017-1-3,14:45:33,26.01,60,13820,156072,26.01,169,26.00,100,25.98,81,25.96,37,25.95,12,26.07,4,26.08,239,26.10,133,26.11,33,26.13,50,-1
2017-1-3,14:45:42,26.08,239,14059,623108,26.01,169,26.00,100,25.98,81,25.96,37,25.95,12,26.08,204,26.10,133,26.11,33,26.13,50,26.14,14,1
2017-1-3,14:45:51,26.02,1,14060,2604,26.02,30,26.01,169,26.00,100,25.98,81,25.96,37,26.05,12,26.08,204,26.10,133,26.11,33,26.13,50,-1
2017-1-3,14:45:57,26.08,200,14260,521560,26.02,30,26.01,169,26.00,100,25.98,81,25.96,37,26.08,16,26.10,133,26.11,33,26.13,50,26.14,14,1
2017-1-3,14:46:09,26.03,3,14263,7812,26.03,27,26.02,78,26.01,169,26.00,111,25.98,81,26.08,20,26.10,133,26.11,33,26.13,50,26.14,14,-1
2017-1-3,14:46:12,26.10,150,14413,391460,26.03,27,26.02,78,26.01,174,26.00,111,25.98,81,26.10,3,26.11,33,26.12,5,26.13,50,26.14,14,1
2017-1-3,14:46:36,26.10,2,14415,5220,26.04,32,26.03,27,26.02,78,26.01,169,26.00,111,26.10,31,26.11,33,26.12,6,26.13,50,26.14,14,1
2017-1-3,14:46:39,26.10,1,14416,2608,26.04,32,26.03,27,26.02,78,26.01,169,26.00,111,26.10,30,26.11,33,26.12,6,26.13,50,26.14,14,1
2017-1-3,14:46:54,26.05,1,14417,2604,26.05,19,26.04,32,26.03,27,26.02,78,26.01,169,26.10,52,26.11,33,26.12,24,26.13,50,26.14,14,-1
2017-1-3,14:47:06,26.05,1,14418,2608,26.05,18,26.04,32,26.03,15,26.02,140,26.01,169,26.09,3,26.10,55,26.11,33,26.12,24,26.13,50,-1
2017-1-3,14:47:36,26.08,50,14468,130400,26.05,18,26.03,15,26.02,140,26.01,169,26.00,111,26.09,3,26.10,92,26.11,33,26.12,25,26.13,50,1
2017-1-3,14:47:39,26.05,5,14473,13024,26.05,13,26.03,15,26.02,140,26.01,169,26.00,111,26.09,3,26.10,92,26.11,33,26.12,25,26.13,50,-1
2017-1-3,14:47:45,26.05,5,14478,13024,26.05,8,26.03,15,26.02,140,26.01,169,26.00,111,26.09,3,26.10,92,26.11,33,26.12,25,26.13,50,-1
2017-1-3,14:47:51,26.06,1,14479,2608,26.06,11,26.05,8,26.03,15,26.02,140,26.01,169,26.09,3,26.10,92,26.11,33,26.12,25,26.13,50,-1
2017-1-3,14:47:57,26.06,2,14481,5212,26.06,9,26.05,8,26.03,15,26.02,140,26.01,169,26.09,3,26.10,102,26.11,33,26.12,25,26.13,50,-1
2017-1-3,14:48:00,26.09,3,14484,7828,26.09,2,26.06,9,26.05,8,26.03,15,26.02,140,26.10,102,26.11,33,26.12,25,26.13,50,26.14,14,1
2017-1-3,14:48:03,26.09,2,14486,5216,26.06,9,26.05,8,26.03,15,26.02,140,26.01,169,26.09,6,26.10,102,26.11,33,26.12,25,26.13,50,-1
2017-1-3,14:48:15,26.10,109,14595,284876,26.10,50,26.06,9,26.05,13,26.03,15,26.02,140,26.11,33,26.12,25,26.13,50,26.14,14,26.15,54,1
2017-1-3,14:48:18,26.10,17,14612,44368,26.10,33,26.06,9,26.05,13,26.03,15,26.02,140,26.11,33,26.12,25,26.13,50,26.14,14,26.15,54,-1
2017-1-3,14:48:21,26.10,26,14638,67884,26.10,28,26.06,9,26.05,13,26.03,15,26.02,140,26.11,12,26.12,25,26.13,50,26.14,14,26.15,54,-1
2017-1-3,14:48:27,26.10,29,14667,75296,26.06,9,26.05,13,26.03,15,26.02,140,26.01,169,26.10,41,26.11,12,26.12,25,26.13,50,26.14,14,-1
2017-1-3,14:48:36,26.06,3,14670,7820,26.06,6,26.05,13,26.03,15,26.02,140,26.01,169,26.10,41,26.11,12,26.12,25,26.13,50,26.14,14,-1
2017-1-3,14:48:45,26.11,53,14723,138732,26.11,16,26.06,6,26.05,13,26.03,15,26.02,140,26.12,25,26.13,50,26.14,14,26.15,54,26.16,23,1
2017-1-3,14:48:51,26.12,21,14744,54852,26.11,16,26.06,1,26.05,8,26.03,15,26.02,140,26.12,4,26.13,50,26.14,14,26.15,54,26.16,23,1
2017-1-3,14:48:54,26.12,4,14748,10448,26.12,3,26.11,16,26.10,32,26.06,1,26.05,8,26.13,50,26.14,14,26.15,54,26.16,23,26.17,17,1
2017-1-3,14:48:57,26.12,3,14751,7836,26.11,16,26.10,32,26.06,1,26.05,8,26.03,15,26.12,7,26.13,50,26.14,14,26.15,54,26.16,23,-1
2017-1-3,14:49:00,26.11,2,14753,5224,26.11,14,26.10,32,26.06,1,26.05,8,26.03,15,26.12,7,26.13,50,26.14,14,26.15,54,26.16,23,-1
2017-1-3,14:49:06,26.12,30,14783,78352,26.11,8,26.10,32,26.06,1,26.05,8,26.03,15,26.12,35,26.13,78,26.14,15,26.15,54,26.16,23,1
2017-1-3,14:49:09,26.12,6,14789,15672,26.11,8,26.10,32,26.06,1,26.05,8,26.03,15,26.12,29,26.13,78,26.14,15,26.15,54,26.16,23,1
2017-1-3,14:49:12,26.11,9,14798,23112,26.10,32,26.06,1,26.05,8,26.03,15,26.02,140,26.11,1,26.12,33,26.13,78,26.14,15,26.15,54,-1
2017-1-3,14:49:18,26.10,10,14808,26096,26.10,22,26.06,1,26.05,8,26.04,2,26.03,10,26.11,14,26.12,34,26.13,78,26.14,22,26.15,54,-1
2017-1-3,14:49:24,26.11,14,14822,36948,26.11,5,26.10,22,26.06,1,26.05,8,26.04,2,26.12,35,26.13,78,26.14,26,26.15,54,26.16,23,1
2017-1-3,14:49:30,26.12,5,14827,13056,26.11,1,26.10,22,26.06,1,26.05,8,26.04,2,26.12,34,26.13,78,26.14,26,26.15,54,26.16,23,1
2017-1-3,14:49:39,26.12,1,14828,2612,26.11,1,26.10,22,26.06,1,26.05,8,26.04,2,26.12,33,26.13,79,26.14,26,26.15,64,26.16,23,1
2017-1-3,14:49:45,26.11,2,14830,4832,26.10,22,26.06,1,26.05,8,26.04,2,26.03,10,26.11,3,26.12,33,26.13,79,26.14,26,26.15,64,-1
2017-1-3,14:49:54,26.10,5,14835,13048,26.10,18,26.05,8,26.04,2,26.03,10,26.02,140,26.11,3,26.12,43,26.13,79,26.14,26,26.15,64,-1
2017-1-3,14:50:09,26.10,1,14836,2608,26.10,17,26.05,8,26.04,2,26.03,10,26.02,110,26.11,3,26.12,43,26.13,79,26.14,26,26.15,64,-1
2017-1-3,14:50:24,26.10,8,14844,20880,26.10,9,26.05,8,26.04,2,26.03,10,26.02,110,26.11,13,26.12,43,26.13,79,26.14,26,26.15,64,-1
2017-1-3,14:50:27,26.10,9,14853,23492,26.05,8,26.04,2,26.03,10,26.02,110,26.01,169,26.10,24,26.11,13,26.12,43,26.13,79,26.14,26,-1
2017-1-3,14:50:39,26.10,21,14874,54760,26.04,5,26.03,10,26.02,62,26.01,169,26.00,113,26.10,23,26.11,13,26.12,43,26.13,79,26.14,26,1
2017-1-3,14:50:45,26.10,11,14885,28708,26.04,5,26.03,10,26.02,62,26.01,5,26.00,113,26.10,22,26.11,13,26.12,43,26.13,79,26.14,26,1
2017-1-3,14:51:18,26.10,29,14914,75692,26.10,25,26.04,5,26.03,56,26.02,62,26.01,5,26.11,13,26.12,93,26.13,79,26.14,28,26.15,65,1
2017-1-3,14:51:21,26.10,5,14919,13052,26.10,20,26.04,5,26.03,56,26.02,62,26.01,5,26.11,13,26.12,93,26.13,79,26.14,28,26.15,65,-1
2017-1-3,14:51:27,26.10,20,14939,52200,26.04,5,26.03,56,26.02,62,26.01,5,26.00,113,26.10,42,26.11,13,26.12,93,26.13,79,26.14,28,-1
2017-1-3,14:51:36,26.04,5,14944,13016,26.04,19,26.03,56,26.02,62,26.01,5,26.00,113,26.10,52,26.11,13,26.12,93,26.13,79,26.14,28,-1
2017-1-3,14:51:39,26.10,52,14996,135720,26.10,18,26.04,29,26.03,56,26.02,62,26.01,5,26.11,3,26.12,93,26.13,79,26.14,28,26.15,65,1
2017-1-3,14:51:42,26.10,2,14998,5224,26.10,142,26.04,29,26.03,56,26.02,62,26.01,5,26.11,3,26.12,93,26.13,79,26.14,28,26.15,65,-1
2017-1-3,14:51:45,26.10,4,15002,10440,26.10,138,26.04,29,26.03,56,26.02,62,26.01,5,26.11,3,26.12,93,26.13,79,26.14,28,26.15,65,-1
2017-1-3,14:51:54,26.10,50,15052,130496,26.10,88,26.04,31,26.03,56,26.02,62,26.01,5,26.11,8,26.12,93,26.13,79,26.14,26,26.15,65,-1
2017-1-3,14:52:06,26.10,15,15067,39152,26.10,158,26.04,31,26.03,56,26.02,62,26.01,5,26.11,18,26.12,93,26.13,79,26.14,26,26.15,65,-1
2017-1-3,14:52:12,26.10,38,15105,99180,26.10,50,26.04,31,26.03,56,26.02,62,26.01,5,26.11,18,26.12,93,26.13,79,26.14,26,26.15,65,-1
2017-1-3,14:52:18,26.11,1,15106,2612,26.10,50,26.04,31,26.03,56,26.02,62,26.01,5,26.11,12,26.12,89,26.13,79,26.14,26,26.15,65,1
2017-1-3,14:52:21,26.12,72,15178,188048,26.10,48,26.04,31,26.03,56,26.02,62,26.01,5,26.11,10,26.12,31,26.13,79,26.14,26,26.15,65,1
2017-1-3,14:52:27,26.11,11,15189,28720,26.11,11,26.10,47,26.04,31,26.03,56,26.02,62,26.12,31,26.13,79,26.14,26,26.15,65,26.16,24,1
2017-1-3,14:52:30,26.11,10,15199,26108,26.11,1,26.10,47,26.04,31,26.03,56,26.02,62,26.12,31,26.13,79,26.14,26,26.15,65,26.16,24,-1
2017-1-3,14:52:36,26.10,4,15203,10444,26.10,44,26.04,31,26.03,56,26.02,62,26.01,5,26.12,32,26.13,79,26.14,26,26.15,65,26.16,24,-1
2017-1-3,14:52:51,26.10,44,15247,114840,26.04,31,26.03,56,26.02,62,26.01,5,26.00,113,26.10,4,26.11,1,26.12,85,26.13,79,26.14,26,-1
2017-1-3,14:52:57,26.10,4,15251,10440,26.10,6,26.04,67,26.03,56,26.02,62,26.01,5,26.11,1,26.12,85,26.13,79,26.14,26,26.15,72,1
2017-1-3,14:53:03,26.11,5,15256,13052,26.11,13,26.10,6,26.04,67,26.03,56,26.02,62,26.12,84,26.13,79,26.14,36,26.15,72,26.16,24,1
2017-1-3,14:53:09,26.12,50,15306,130600,26.11,22,26.10,6,26.07,20,26.04,67,26.03,56,26.12,34,26.13,74,26.14,36,26.15,72,26.16,24,1
2017-1-3,14:53:15,26.12,34,15340,89200,26.12,187,26.11,22,26.10,6,26.07,20,26.04,67,26.13,74,26.14,36,26.15,72,26.16,24,26.17,52,1
2017-1-3,14:53:18,26.12,10,15350,26120,26.12,177,26.11,22,26.10,16,26.07,20,26.04,67,26.13,74,26.14,36,26.15,72,26.16,24,26.17,52,-1
2017-1-3,14:53:21,26.12,30,15380,78360,26.12,147,26.11,22,26.10,16,26.07,20,26.04,67,26.13,74,26.14,36,26.15,72,26.16,24,26.17,52,-1
2017-1-3,14:53:27,26.12,82,15462,214236,26.12,117,26.11,14,26.10,16,26.07,20,26.04,67,26.13,23,26.14,36,26.15,72,26.16,24,26.17,52,-1
2017-1-3,14:53:30,26.12,100,15562,261200,26.12,17,26.11,14,26.10,16,26.07,20,26.04,67,26.13,23,26.14,36,26.15,72,26.16,24,26.17,52,-1
2017-1-3,14:53:36,26.12,18,15580,46624,26.11,14,26.10,16,26.04,65,26.03,56,26.02,62,26.12,15,26.13,28,26.14,26,26.15,72,26.16,24,-1
2017-1-3,14:53:39,26.12,19,15599,49628,26.11,14,26.10,16,26.04,65,26.03,56,26.02,62,26.12,1,26.13,28,26.14,26,26.15,72,26.16,24,1
2017-1-3,14:53:45,26.13,8,15607,20904,26.11,14,26.10,16,26.04,65,26.03,56,26.02,62,26.13,21,26.14,26,26.15,206,26.16,24,26.17,52,1
2017-1-3,14:53:48,26.11,10,15617,26108,26.11,4,26.10,16,26.04,65,26.03,56,26.02,62,26.13,21,26.14,26,26.15,206,26.16,24,26.17,52,-1
2017-1-3,14:53:54,26.11,24,15641,62684,26.10,16,26.04,65,26.03,56,26.02,62,26.01,5,26.11,1,26.12,31,26.13,21,26.14,26,26.15,206,-1
2017-1-3,14:54:12,26.10,23,15664,60032,26.04,65,26.03,56,26.02,62,26.01,5,26.00,111,26.10,253,26.11,1,26.12,31,26.13,20,26.14,26,-1
2017-1-3,14:54:15,26.10,6,15670,15660,26.04,65,26.03,56,26.02,62,26.01,5,26.00,111,26.10,247,26.11,1,26.12,31,26.13,20,26.14,26,1
2017-1-3,14:54:24,26.09,1,15671,2608,26.04,65,26.03,2,26.02,62,26.01,5,26.00,111,26.09,6,26.10,247,26.11,1,26.12,43,26.13,15,1
2017-1-3,14:54:30,26.10,51,15722,133104,26.04,65,26.03,2,26.02,62,26.01,5,26.00,111,26.10,202,26.11,1,26.12,51,26.13,15,26.14,26,1
2017-1-3,14:54:33,26.10,207,15929,540272,26.10,256,26.04,65,26.03,2,26.02,62,26.01,5,26.11,1,26.12,51,26.13,15,26.14,26,26.15,199,1
2017-1-3,14:54:39,26.10,3,15932,7828,26.10,253,26.09,2,26.04,65,26.02,62,26.01,5,26.11,51,26.12,54,26.13,15,26.14,26,26.15,199,-1
2017-1-3,14:54:45,26.10,100,16032,261000,26.10,153,26.09,2,26.04,65,26.02,62,26.01,5,26.11,51,26.12,59,26.13,15,26.14,26,26.15,204,-1
2017-1-3,14:54:48,26.10,44,16076,114876,26.10,143,26.09,2,26.04,66,26.02,62,26.01,5,26.11,17,26.12,59,26.13,15,26.14,26,26.15,204,-1
2017-1-3,14:54:51,26.11,17,16093,44384,26.11,33,26.09,2,26.04,66,26.02,62,26.00,111,26.12,59,26.13,15,26.14,26,26.15,204,26.16,24,1
2017-1-3,14:55:00,26.11,3,16096,7832,26.11,30,26.09,2,26.05,5,26.04,66,26.02,62,26.12,59,26.13,15,26.14,26,26.15,204,26.16,24,-1
2017-1-3,14:55:03,26.12,28,16124,73136,26.11,30,26.09,2,26.05,5,26.04,66,26.02,62,26.12,31,26.13,15,26.14,26,26.15,204,26.16,24,1
2017-1-3,14:55:06,26.13,44,16168,114944,26.11,30,26.09,2,26.05,15,26.04,66,26.02,62,26.13,2,26.14,26,26.15,204,26.16,24,26.17,47,1
2017-1-3,14:55:12,26.11,1,16169,2608,26.12,18,26.11,29,26.09,2,26.05,15,26.04,66,26.13,4,26.14,26,26.15,204,26.16,24,26.17,47,-1
2017-1-3,14:55:15,26.13,6,16175,16072,26.13,3,26.12,18,26.11,29,26.09,2,26.05,15,26.14,26,26.15,204,26.16,24,26.17,47,26.18,63,1
2017-1-3,14:55:24,26.13,4,16179,10060,26.12,18,26.11,29,26.10,10,26.09,2,26.05,15,26.13,1,26.14,26,26.15,225,26.16,24,26.17,47,-1
2017-1-3,14:55:33,26.12,14,16193,36568,26.12,4,26.11,29,26.10,10,26.09,2,26.05,15,26.13,62,26.14,30,26.15,225,26.16,24,26.17,47,-1
2017-1-3,14:55:36,26.12,375,16568,980468,26.12,3,26.11,29,26.10,10,26.09,2,26.05,15,26.13,43,26.16,24,26.17,47,26.18,63,26.19,51,-1
2017-1-3,14:55:39,26.12,3,16571,7836,26.11,29,26.10,10,26.09,2,26.05,15,26.04,66,26.12,197,26.13,60,26.14,20,26.16,24,26.17,47,-1
2017-1-3,14:55:51,26.11,22,16593,57460,26.11,27,26.10,10,26.09,2,26.05,15,26.04,66,26.12,192,26.13,60,26.14,20,26.16,24,26.17,47,-1
2017-1-3,14:55:54,26.11,4,16597,10448,26.11,23,26.10,10,26.09,2,26.05,15,26.04,66,26.12,192,26.13,60,26.14,20,26.16,24,26.17,47,-1
2017-1-3,14:55:57,26.12,3,16600,7832,26.11,23,26.10,10,26.09,2,26.05,15,26.04,66,26.12,189,26.13,60,26.14,20,26.16,24,26.17,47,1
2017-1-3,14:56:00,26.10,33,16633,86156,26.09,2,26.05,15,26.04,66,26.02,62,26.00,111,26.10,17,26.11,70,26.12,189,26.13,60,26.14,20,-1
2017-1-3,14:56:03,26.09,2,16635,5216,26.05,15,26.04,66,26.02,62,26.00,111,25.98,81,26.10,72,26.11,70,26.12,189,26.13,60,26.14,20,-1
2017-1-3,14:56:06,26.05,15,16650,39076,26.04,66,26.02,62,26.00,111,25.98,81,25.96,37,26.10,72,26.11,70,26.12,189,26.13,60,26.14,20,-1
2017-1-3,14:56:09,26.10,11,16661,28672,26.04,60,26.02,62,26.00,111,25.98,81,25.96,37,26.10,67,26.11,70,26.12,189,26.13,60,26.14,20,1
2017-1-3,14:56:15,26.09,6,16667,15656,26.04,60,26.02,62,26.00,111,25.98,81,25.96,37,26.09,19,26.10,67,26.11,70,26.12,189,26.13,70,1
2017-1-3,14:56:18,26.10,67,16734,174852,26.04,60,26.02,62,26.00,111,25.98,81,25.96,37,26.10,19,26.11,70,26.12,189,26.13,70,26.14,20,1
2017-1-3,14:56:27,26.10,11,16745,28708,26.04,64,26.02,62,26.00,111,25.98,81,25.96,37,26.10,32,26.11,70,26.12,15,26.13,80,26.14,20,1
2017-1-3,14:56:30,26.10,6,16751,15660,26.09,10,26.04,64,26.02,62,26.00,111,25.98,81,26.10,26,26.11,70,26.12,15,26.13,80,26.14,20,1
2017-1-3,14:56:33,26.09,10,16761,26092,26.04,83,26.02,62,26.00,111,25.98,81,25.96,37,26.09,11,26.10,26,26.11,71,26.12,15,26.13,80,-1
2017-1-3,14:56:42,26.10,37,16798,96560,26.10,13,26.04,83,26.02,62,26.00,111,25.98,81,26.11,71,26.12,15,26.13,73,26.14,20,26.16,24,1
2017-1-3,14:56:48,26.11,26,16824,67848,26.04,81,26.02,62,26.01,34,26.00,111,25.98,81,26.11,69,26.12,15,26.13,73,26.14,20,26.16,24,1
2017-1-3,14:56:54,26.10,3,16827,7832,26.05,276,26.04,45,26.02,62,26.01,34,26.00,111,26.10,23,26.11,69,26.12,15,26.13,73,26.14,20,1
2017-1-3,15:00:03,26.10,452,17279,1179720,26.10,134,26.09,3,26.08,491,26.07,7,26.05,281,26.11,69,26.12,15,26.13,73,26.14,20,26.16,24,-1
